0.034	255
0.051	220
0.068	337
0.084	353
0.101	180
0.118	484
0.135	385
0.152	273
0.169	219
0.186	235
0.203	366
0.220	381
0.237	289
0.254	325
0.270	293
0.287	168
0.304	194
0.321	307
0.338	236
0.355	475
0.372	404
0.389	302
0.406	388
0.423	239
0.439	352
0.456	396
0.473	175
0.490	192
0.507	320
0.524	218
0.541	316
0.558	127
0.575	208
0.592	168
0.609	263
0.626	363
0.642	288
0.659	350
0.676	243
0.693	353
0.710	174
0.727	188
0.744	303
0.761	178
0.778	248
0.795	325
0.811	177
0.828	362
0.845	321
0.862	264
0.879	244
0.896	289
0.913	498
0.930	277
0.947	176
0.964	113
0.981	313
0.997	318
1.014	186
1.031	249
1.048	220
1.065	288
1.082	276
1.099	183
1.116	239
1.133	162
1.150	321
1.166	267
1.183	309
1.200	224
1.217	348
1.234	267
1.251	296
1.268	141
1.285	322
1.302	192
1.319	415
1.336	201
1.352	306
1.369	226
1.386	190
1.403	273
1.420	258
1.437	147
1.454	257
1.471	154
1.488	88
1.505	255
1.522	196
1.538	247
1.555	266
1.572	125
1.589	240
1.606	273
1.623	163
1.640	194
1.657	86
1.674	114
1.691	186
1.707	274
1.724	196
1.741	184
1.758	227
1.775	228
1.792	213
1.809	65
1.826	205
1.843	201
1.860	213
1.877	365
1.893	257
1.910	302
1.927	336
1.944	374
1.961	384
1.978	361
1.995	213
2.012	200
2.029	211
2.046	121
2.063	315
2.079	207
2.096	101
2.113	199
2.130	350
2.147	170
2.164	255
2.181	292
2.198	236
2.215	264
2.232	340
2.249	277
2.265	211
2.283	311
2.299	177
2.316	350
2.333	198
2.350	156
2.367	297
2.384	220
2.401	254
2.418	184
2.435	248
2.452	231
2.469	217
2.485	269
2.502	237
2.519	217
2.536	254
2.553	217
2.570	348
2.587	288
2.604	283
2.621	249
2.638	303
2.654	308
2.671	222
2.688	429
2.705	219
2.722	195
2.739	301
2.756	302
2.773	214
2.790	370
2.807	194
2.824	233
2.840	248
2.857	188
2.874	241
2.891	202
2.908	299
2.925	282
2.942	327
2.959	220
2.976	484
2.993	210
3.010	171
3.026	234
3.043	349
3.060	288
3.077	358
3.094	386
3.111	397
3.128	351
3.145	190
3.162	225
3.179	321
3.195	357
3.212	184
3.229	344
3.246	227
3.263	266
3.280	244
3.297	196
3.314	474
3.331	424
3.348	283
3.365	395
3.381	236
3.398	372
3.415	284
3.432	281
3.449	344
3.466	368
3.483	257
3.500	359
3.517	400
3.534	254
3.551	306
3.567	174
3.584	225
3.601	480
3.618	514
3.635	309
3.652	386
3.669	357
3.686	168
3.703	539
3.720	460
3.736	235
3.753	455
3.770	328
3.787	485
3.804	450
3.821	385
3.838	282
3.855	345
3.872	527
3.889	507
3.906	317
3.922	293
3.939	543
3.956	444
3.973	521
3.990	464
4.007	565
4.024	749
4.041	775
4.058	595
4.075	735
4.092	820
4.108	623
4.125	933
4.142	749
4.159	1249
4.176	1227
4.193	1051
4.210	1013
4.227	1279
4.244	1026
4.261	1001
4.277	927
4.294	1022
4.311	1150
4.328	1408
4.345	1249
4.362	1182
4.379	1209
4.396	1272
4.413	969
4.430	1338
4.447	1730
4.463	2062
4.480	2030
4.497	1412
4.514	1515
4.531	1156
4.548	1527
4.565	1340
4.582	1404
4.599	1449
4.616	871
4.633	1348
4.649	1452
4.666	1481
4.683	1171
4.700	1200
4.717	1682
4.734	1167
4.751	1655
4.768	1840
4.785	2007
4.802	2040
4.818	2814
4.835	2734
4.852	2475
4.869	2817
4.886	2112
4.903	2160
4.920	2150
4.937	2166
4.954	1948
4.971	1595
4.988	1852
5.004	1378
5.021	1735
5.038	1505
5.055	1401
5.072	1272
5.089	818
5.106	944
5.123	1340
5.140	1132
5.157	908
5.174	1405
5.190	1047
5.207	1120
5.224	743
5.241	995
5.258	1001
5.275	1196
5.292	1012
5.309	904
5.326	1105
5.343	1122
5.359	869
5.376	952
5.393	895
5.410	549
5.427	767
5.444	935
5.461	889
5.478	1059
5.495	996
5.512	1098
5.529	1119
5.545	918
5.562	737
5.579	715
5.596	872
5.613	699
5.630	647
5.647	828
5.664	917
5.681	1287
5.698	986
5.715	993
5.731	687
5.748	987
5.765	657
5.782	808
5.799	844
5.816	1066
5.833	922
5.850	1067
5.867	836
5.884	1091
5.900	932
5.917	1135
5.934	1020
5.951	764
5.968	809
5.985	672
6.002	707
6.019	656
6.036	780
6.053	898
6.070	439
6.086	644
6.103	694
6.120	716
6.137	911
6.154	776
6.171	703
6.188	733
6.205	547
6.222	784
6.239	439
6.256	504
6.272	831
6.289	491
6.306	834
6.323	406
6.340	769
6.357	417
6.374	519
6.391	503
6.408	676
6.425	702
6.441	784
6.458	1061
6.475	731
6.492	703
6.509	686
6.526	764
6.543	727
6.560	612
6.577	393
6.594	601
6.611	817
6.627	719
6.644	481
6.661	868
6.678	693
6.695	578
6.712	700
6.729	549
6.746	784
6.763	637
6.780	814
6.797	704
6.813	949
6.830	657
6.847	737
6.864	719
6.881	737
6.898	763
6.915	759
6.932	617
6.949	764
6.966	562
6.982	705
6.999	514
7.016	556
7.067	753
7.118	5002
7.169	18145
7.219	10791
7.270	2568
7.321	1519
7.372	1152
7.423	865
7.473	987
7.524	839
7.541	840
7.558	1028
7.575	768
7.592	595
7.609	711
7.626	867
7.642	646
7.659	775
7.676	792
7.693	872
7.710	592
7.727	669
7.744	630
7.761	646
7.778	494
7.795	652
7.812	747
7.828	768
7.845	579
7.862	633
7.879	562
7.896	521
7.913	560
7.930	746
7.947	301
7.964	504
7.981	241
7.997	475
8.014	407
8.031	352
8.048	434
8.065	550
8.082	957
8.099	1023
8.116	880
8.133	613
8.150	879
8.167	554
8.183	701
8.200	723
8.217	1120
8.234	941
8.251	873
8.268	652
8.285	649
8.302	988
8.319	617
8.336	751
8.352	774
8.369	546
8.386	636
8.403	668
8.420	815
8.437	649
8.454	672
8.471	539
8.488	674
8.505	697
8.522	713
8.538	509
8.555	781
8.572	704
8.589	533
8.606	618
8.623	537
8.640	498
8.657	619
8.674	434
8.691	554
8.708	935
8.724	613
8.741	745
8.758	500
8.775	559
8.792	476
8.809	419
8.826	539
8.843	342
8.860	556
8.877	526
8.894	646
8.910	554
8.927	643
8.944	680
8.961	646
8.978	516
8.995	619
9.012	627
9.029	534
9.046	644
9.063	532
9.079	452
9.096	376
9.113	564
9.130	338
9.147	474
9.164	620
9.181	451
9.198	379
9.215	430
9.232	518
9.249	578
9.265	402
9.282	405
9.299	597
9.316	791
9.333	660
9.350	613
9.367	686
9.384	758
9.401	678
9.418	598
9.434	661
9.451	660
9.468	726
9.485	664
9.502	761
9.519	583
9.536	537
9.553	599
9.570	406
9.587	618
9.604	669
9.620	473
9.637	393
9.654	810
9.671	566
9.688	575
9.705	418
9.722	543
9.739	470
9.756	692
9.773	587
9.790	341
9.806	594
9.823	590
9.840	255
9.857	554
9.874	583
9.891	628
9.908	641
9.925	588
9.942	682
9.959	583
9.976	707
9.992	695
10.009	817
10.026	725
10.043	894
10.060	657
10.077	746
10.094	817
10.111	1009
10.128	933
10.145	986
10.161	958
10.178	984
10.195	783
10.212	1132
10.229	1399
10.246	1300
10.263	1339
10.280	1309
10.297	1254
10.314	861
10.331	1103
10.347	1255
10.364	753
10.381	656
10.398	641
10.415	677
10.432	716
10.449	920
10.466	549
10.483	715
10.500	586
10.517	753
10.533	769
10.550	754
10.567	437
10.584	718
10.601	476
10.618	831
10.635	479
10.652	596
10.669	415
10.686	425
10.702	496
10.719	464
10.736	549
10.753	677
10.770	686
10.787	518
10.804	650
10.821	273
10.838	522
10.855	504
10.872	517
10.888	453
10.905	495
10.922	608
10.939	541
10.956	647
10.973	705
10.990	745
11.007	458
11.024	526
11.041	507
11.057	347
11.074	711
11.091	589
11.108	620
11.125	644
11.142	470
11.159	789
11.176	496
11.193	753
11.210	729
11.227	627
11.243	498
11.260	711
11.277	429
11.294	773
11.311	473
11.328	575
11.345	783
11.362	474
11.379	513
11.396	609
11.413	611
11.429	599
11.446	641
11.463	649
11.480	456
11.497	508
11.514	366
11.531	441
11.548	414
11.565	433
11.582	350
11.598	589
11.615	499
11.632	502
11.649	530
11.666	638
11.683	403
11.700	534
11.717	541
11.734	479
11.751	571
11.768	459
11.784	624
11.801	415
11.818	517
11.835	579
11.852	499
11.869	367
11.886	551
11.903	616
11.920	451
11.937	431
11.954	548
11.970	487
11.987	599
12.004	377
12.021	588
12.038	461
12.055	519
12.072	629
12.089	312
12.106	736
12.123	561
12.139	533
12.156	604
12.173	694
12.190	394
12.207	647
12.224	658
12.241	378
12.258	447
12.275	614
12.292	630
12.309	627
12.326	559
12.343	537
12.359	365
12.376	716
12.393	366
12.410	560
12.427	549
12.444	595
12.461	498
12.478	503
12.495	382
12.512	478
12.529	275
12.545	387
12.562	451
12.579	672
12.596	475
12.613	580
12.630	344
12.647	428
12.664	217
12.681	603
12.698	371
12.715	573
12.731	354
12.748	533
12.765	516
12.782	604
12.799	519
12.816	479
12.833	399
12.850	761
12.867	466
12.884	569
12.900	564
12.917	634
12.934	237
12.951	581
12.968	647
12.985	747
13.002	589
13.019	695
13.036	587
13.053	416
13.070	573
13.086	848
13.103	636
13.120	707
13.137	525
13.154	523
13.171	645
13.188	683
13.205	443
13.222	658
13.239	567
13.256	581
13.272	559
13.289	456
13.306	426
13.323	709
13.340	504
13.357	531
13.374	602
13.391	385
13.408	620
13.425	368
13.441	505
13.458	757
13.475	592
13.492	574
13.509	537
13.526	658
13.543	315
13.560	676
13.577	705
13.594	588
13.611	758
13.627	571
13.644	695
13.661	538
13.678	499
13.695	705
13.712	642
13.729	703
13.746	633
13.763	315
13.780	485
13.797	716
13.813	559
13.830	677
13.847	704
13.864	420
13.881	561
13.898	324
13.915	711
13.932	578
13.949	626
13.966	476
13.982	650
13.999	473
14.016	281
14.033	586
14.050	506
14.067	443
14.084	506
14.101	631
14.118	772
14.135	673
14.152	562
14.168	599
14.185	708
14.202	566
14.219	613
14.236	750
14.253	648
14.270	735
14.287	517
14.304	678
14.321	751
14.338	663
14.354	914
14.371	434
14.388	780
14.405	840
14.422	834
14.439	787
14.456	739
14.473	424
14.490	639
14.507	624
14.523	621
14.540	822
14.557	676
14.574	453
14.591	607
14.608	804
14.625	593
14.642	936
14.659	975
14.676	545
14.693	515
14.709	568
14.726	659
14.743	630
14.760	518
14.777	509
14.794	592
14.811	764
14.828	509
14.845	744
14.862	913
14.879	520
14.895	588
14.912	545
14.929	534
14.946	862
14.963	675
14.980	622
14.997	639
15.014	867
15.031	531
15.048	591
15.064	756
15.081	652
15.098	766
15.115	671
15.132	487
15.149	617
15.166	728
15.183	598
15.200	545
15.217	912
15.234	649
15.250	616
15.267	699
15.284	537
15.301	666
15.318	587
15.335	618
15.352	803
15.369	441
15.386	566
15.403	624
15.420	688
15.436	448
15.453	630
15.470	517
15.487	793
15.504	592
15.521	767
15.538	665
15.555	519
15.572	686
15.589	610
15.605	555
15.622	844
15.639	701
15.656	695
15.673	582
15.690	565
15.707	815
15.724	893
15.741	876
15.758	708
15.775	901
15.792	577
15.809	749
15.826	809
15.842	643
15.859	921
15.876	576
15.893	778
15.910	460
15.927	932
15.944	946
15.961	503
15.978	733
15.995	710
16.012	674
16.028	1089
16.045	1131
16.062	2704
16.079	9023
16.096	24026
16.113	37454
16.130	45531
16.147	43405
16.164	32642
16.181	22324
16.197	15341
16.214	9843
16.231	7346
16.248	5719
16.265	3282
16.282	3073
16.299	2495
16.316	1632
16.333	1861
16.350	1528
16.367	1424
16.383	1616
16.400	1133
16.417	1308
16.434	1124
16.451	1131
16.468	937
16.485	1180
16.502	1223
16.519	1068
16.536	1044
16.553	864
16.569	1038
16.586	1038
16.603	1022
16.620	814
16.637	847
16.654	542
16.671	799
16.688	755
16.705	1000
16.722	889
16.738	795
16.755	709
16.772	830
16.789	565
16.806	591
16.823	1033
16.840	859
16.857	880
16.874	851
16.891	652
16.908	908
16.924	981
16.941	802
16.958	738
16.975	853
16.992	767
17.009	595
17.026	591
17.043	881
17.060	840
17.077	836
17.094	743
17.110	719
17.127	491
17.144	782
17.161	588
17.178	780
17.195	640
17.212	611
17.229	720
17.246	714
17.263	945
17.279	625
17.296	726
17.313	746
17.330	847
17.347	469
17.364	600
17.381	655
17.398	549
17.415	812
17.432	633
17.449	542
17.465	688
17.482	432
17.499	590
17.516	685
17.533	501
17.550	456
17.567	657
17.584	458
17.601	555
17.618	274
17.635	375
17.651	660
17.668	551
17.685	604
17.702	643
17.719	309
17.736	507
17.753	462
17.770	587
17.787	370
17.804	459
17.820	613
17.837	644
17.854	618
17.871	661
17.888	608
17.905	464
17.922	323
17.939	518
17.956	394
17.973	615
17.990	594
18.006	520
18.023	694
18.040	672
18.057	303
18.074	499
18.091	446
18.108	572
18.125	381
18.142	500
18.159	353
18.176	394
18.192	373
18.209	504
18.226	706
18.243	372
18.260	483
18.277	670
18.294	428
18.311	528
18.328	535
18.345	490
18.361	308
18.378	403
18.395	562
18.412	391
18.429	483
18.446	435
18.463	649
18.480	607
18.497	474
18.514	367
18.531	794
18.547	546
18.564	668
18.581	462
18.598	559
18.615	374
18.632	435
18.649	571
18.666	475
18.683	614
18.700	871
18.717	646
18.733	641
18.750	401
18.767	663
18.784	556
18.801	619
18.818	613
18.835	515
18.852	589
18.869	862
18.886	556
18.902	923
18.919	705
18.936	735
18.953	568
18.970	658
18.987	929
19.004	582
19.021	824
19.038	733
19.055	583
19.072	881
19.089	866
19.106	699
19.122	879
19.139	618
19.156	666
19.173	672
19.190	653
19.207	424
19.224	364
19.241	537
19.258	584
19.275	445
19.292	535
19.308	651
19.325	308
19.342	398
19.359	247
19.376	268
19.393	141
19.410	181
19.427	254
19.444	367
19.461	292
19.478	196
19.494	264
19.511	71
19.528	238
19.545	137
19.562	157
19.579	145
19.596	135
19.613	137
19.630	220
19.647	90
19.663	207
19.680	131
19.697	161
19.714	333
19.731	104
19.748	210
19.765	190
19.782	402
19.799	186
19.816	207
19.833	170
19.849	206
19.866	74
19.883	225
19.900	212
19.917	128
19.934	115
19.951	205
19.968	140
19.985	236
20.002	309
20.018	115
20.035	88
20.052	256
20.069	168
20.086	175
20.103	143
20.120	62
20.137	210
20.154	83
20.171	307
20.188	192
20.204	141
20.221	177
20.238	183
20.255	187
20.272	151
20.289	300
20.306	187
20.323	219
20.340	203
20.357	190
20.374	193
20.390	157
20.407	83
20.424	95
20.441	273
20.458	214
20.475	151
20.492	110
20.509	180
20.526	161
20.543	80
20.559	98
20.576	125
20.593	144
20.610	172
20.627	381
20.644	177
20.661	183
20.678	147
20.695	218
20.712	176
20.729	118
20.745	220
20.762	131
20.779	147
20.796	190
20.813	128
20.830	258
20.847	206
20.864	347
20.881	312
20.898	168
20.915	242
20.931	199
20.948	201
20.965	132
20.982	104
20.999	204

