0.034	166
0.051	314
0.068	209
0.084	245
0.101	214
0.118	336
0.135	166
0.152	312
0.169	190
0.186	307
0.203	192
0.220	125
0.237	133
0.254	229
0.270	129
0.287	121
0.304	161
0.321	434
0.338	307
0.355	137
0.372	196
0.389	202
0.406	431
0.423	289
0.439	215
0.456	160
0.473	360
0.490	396
0.507	172
0.524	176
0.541	231
0.558	254
0.575	210
0.592	271
0.609	445
0.626	157
0.642	332
0.659	219
0.676	186
0.693	239
0.710	170
0.727	197
0.744	254
0.761	240
0.778	249
0.795	135
0.811	221
0.828	261
0.845	299
0.862	268
0.879	276
0.896	350
0.913	394
0.930	175
0.947	161
0.964	270
0.981	210
0.997	283
1.014	395
1.031	369
1.048	257
1.065	272
1.082	225
1.099	188
1.116	420
1.133	265
1.150	307
1.166	442
1.183	223
1.200	229
1.217	275
1.234	221
1.251	166
1.268	320
1.285	249
1.302	119
1.319	110
1.336	174
1.352	228
1.369	211
1.386	227
1.403	298
1.420	277
1.437	216
1.454	102
1.471	117
1.488	160
1.505	58
1.522	158
1.538	259
1.555	161
1.572	160
1.589	122
1.606	80
1.623	241
1.640	175
1.657	95
1.674	357
1.691	148
1.707	95
1.724	193
1.741	181
1.758	186
1.775	177
1.792	99
1.809	216
1.826	111
1.843	158
1.860	199
1.877	141
1.893	209
1.910	174
1.927	143
1.944	190
1.961	118
1.978	162
1.995	184
2.012	246
2.029	172
2.046	225
2.063	309
2.079	244
2.096	129
2.113	132
2.130	262
2.147	328
2.164	295
2.181	165
2.198	181
2.215	419
2.232	187
2.249	391
2.265	265
2.283	312
2.299	273
2.316	393
2.333	228
2.350	145
2.367	310
2.384	280
2.401	205
2.418	127
2.435	186
2.452	226
2.469	85
2.485	130
2.502	161
2.519	294
2.536	177
2.553	199
2.570	320
2.587	238
2.604	219
2.621	228
2.638	163
2.654	229
2.671	166
2.688	101
2.705	180
2.722	111
2.739	164
2.756	225
2.773	111
2.790	473
2.807	131
2.824	279
2.840	149
2.857	296
2.874	206
2.891	231
2.908	250
2.925	217
2.942	198
2.959	187
2.976	241
2.993	255
3.010	407
3.026	319
3.043	205
3.060	100
3.077	178
3.094	214
3.111	247
3.128	282
3.145	283
3.162	171
3.179	247
3.195	258
3.212	202
3.229	187
3.246	213
3.263	369
3.280	317
3.297	216
3.314	107
3.331	225
3.348	246
3.365	407
3.381	238
3.398	242
3.415	340
3.432	280
3.449	374
3.466	313
3.483	326
3.500	217
3.517	261
3.534	258
3.551	306
3.567	530
3.584	280
3.601	315
3.618	396
3.635	273
3.652	398
3.669	299
3.686	558
3.703	246
3.720	424
3.736	395
3.753	402
3.770	373
3.787	395
3.804	335
3.821	275
3.838	438
3.855	317
3.872	497
3.889	234
3.906	286
3.922	170
3.939	468
3.956	233
3.973	453
3.990	304
4.007	422
4.024	380
4.041	245
4.058	384
4.075	261
4.092	305
4.108	427
4.125	355
4.142	399
4.159	396
4.176	422
4.193	310
4.210	450
4.227	472
4.244	649
4.261	450
4.277	424
4.294	585
4.311	667
4.328	568
4.345	577
4.362	462
4.379	555
4.396	540
4.413	549
4.430	647
4.447	639
4.463	563
4.480	657
4.497	740
4.514	367
4.531	616
4.548	706
4.565	792
4.582	545
4.599	351
4.616	612
4.633	429
4.649	608
4.666	502
4.683	708
4.700	443
4.717	794
4.734	557
4.751	683
4.768	603
4.785	536
4.802	732
4.818	520
4.835	590
4.852	542
4.869	669
4.886	586
4.903	598
4.920	696
4.937	744
4.954	642
4.971	522
4.988	692
5.004	622
5.021	932
5.038	855
5.055	826
5.072	659
5.089	652
5.106	619
5.123	797
5.140	659
5.157	480
5.174	536
5.190	762
5.207	484
5.224	425
5.241	510
5.258	625
5.275	559
5.292	529
5.309	714
5.326	792
5.343	599
5.359	540
5.376	709
5.393	550
5.410	465
5.427	634
5.444	885
5.461	505
5.478	684
5.495	590
5.512	608
5.529	496
5.545	629
5.562	628
5.579	778
5.596	568
5.613	681
5.630	595
5.647	616
5.664	671
5.681	800
5.698	590
5.715	498
5.731	579
5.748	592
5.765	623
5.782	528
5.799	526
5.816	587
5.833	549
5.850	623
5.867	463
5.884	620
5.900	648
5.917	624
5.934	507
5.951	750
5.968	601
5.985	405
6.002	410
6.019	501
6.036	458
6.053	153
6.070	566
6.086	609
6.103	501
6.120	581
6.137	553
6.154	388
6.171	450
6.188	487
6.205	329
6.222	490
6.239	490
6.256	482
6.272	466
6.289	372
6.306	430
6.323	550
6.340	606
6.357	628
6.374	461
6.391	331
6.408	431
6.425	604
6.441	546
6.458	573
6.475	663
6.492	377
6.509	406
6.526	468
6.543	462
6.560	426
6.577	577
6.594	648
6.611	620
6.627	608
6.644	703
6.661	531
6.678	574
6.695	669
6.712	780
6.729	499
6.746	522
6.763	687
6.780	783
6.797	779
6.813	666
6.830	1008
6.847	1210
6.864	790
6.881	794
6.898	556
6.915	716
6.932	488
6.949	560
6.966	577
6.982	590
6.999	545
7.016	473
7.067	3180
7.118	18250
7.169	11671
7.219	3923
7.270	1272
7.321	1001
7.372	1158
7.423	846
7.473	416
7.524	842
7.541	476
7.558	671
7.575	683
7.592	927
7.609	549
7.626	765
7.642	692
7.659	644
7.676	558
7.693	409
7.710	348
7.727	497
7.744	454
7.761	689
7.778	363
7.795	560
7.812	492
7.828	467
7.845	517
7.862	386
7.879	432
7.896	425
7.913	795
7.930	811
7.947	555
7.964	158
7.981	327
7.997	271
8.014	477
8.031	536
8.048	648
8.065	597
8.082	922
8.099	791
8.116	841
8.133	722
8.150	580
8.167	435
8.183	520
8.200	558
8.217	515
8.234	646
8.251	328
8.268	469
8.285	402
8.302	537
8.319	627
8.336	730
8.352	354
8.369	544
8.386	516
8.403	519
8.420	484
8.437	533
8.454	387
8.471	321
8.488	453
8.505	492
8.522	447
8.538	267
8.555	451
8.572	598
8.589	590
8.606	348
8.623	222
8.640	354
8.657	441
8.674	343
8.691	403
8.708	435
8.724	567
8.741	335
8.758	374
8.775	450
8.792	485
8.809	320
8.826	335
8.843	474
8.860	555
8.877	332
8.894	513
8.910	376
8.927	420
8.944	506
8.961	440
8.978	465
8.995	505
9.012	474
9.029	462
9.046	439
9.063	249
9.079	232
9.096	426
9.113	211
9.130	467
9.147	479
9.164	209
9.181	695
9.198	298
9.215	402
9.232	570
9.249	642
9.265	427
9.282	489
9.299	281
9.316	663
9.333	362
9.350	471
9.367	361
9.384	522
9.401	380
9.418	469
9.434	334
9.451	463
9.468	383
9.485	350
9.502	492
9.519	599
9.536	333
9.553	447
9.570	238
9.587	433
9.604	266
9.620	249
9.637	489
9.654	249
9.671	449
9.688	323
9.705	536
9.722	391
9.739	249
9.756	527
9.773	243
9.790	332
9.806	191
9.823	438
9.840	168
9.857	301
9.874	502
9.891	498
9.908	298
9.925	342
9.942	395
9.959	254
9.976	478
9.992	277
10.009	318
10.026	352
10.043	227
10.060	254
10.077	529
10.094	377
10.111	369
10.128	487
10.145	319
10.161	375
10.178	513
10.195	444
10.212	344
10.229	351
10.246	490
10.263	391
10.280	432
10.297	281
10.314	331
10.331	380
10.347	433
10.364	722
10.381	538
10.398	442
10.415	314
10.432	441
10.449	443
10.466	483
10.483	610
10.500	353
10.517	520
10.533	265
10.550	331
10.567	362
10.584	421
10.601	450
10.618	486
10.635	454
10.652	336
10.669	307
10.686	290
10.702	489
10.719	374
10.736	335
10.753	290
10.770	394
10.787	358
10.804	445
10.821	266
10.838	314
10.855	345
10.872	515
10.888	364
10.905	422
10.922	371
10.939	235
10.956	418
10.973	391
10.990	431
11.007	282
11.024	299
11.041	334
11.057	416
11.074	149
11.091	326
11.108	428
11.125	348
11.142	290
11.159	324
11.176	341
11.193	268
11.210	317
11.227	428
11.243	231
11.260	288
11.277	333
11.294	436
11.311	534
11.328	419
11.345	363
11.362	465
11.379	312
11.396	337
11.413	383
11.429	353
11.446	257
11.463	334
11.480	344
11.497	386
11.514	448
11.531	400
11.548	434
11.565	387
11.582	632
11.598	288
11.615	405
11.632	357
11.649	290
11.666	372
11.683	442
11.700	388
11.717	416
11.734	472
11.751	356
11.768	442
11.784	419
11.801	340
11.818	290
11.835	345
11.852	356
11.869	378
11.886	380
11.903	541
11.920	223
11.937	405
11.954	402
11.970	446
11.987	268
12.004	328
12.021	317
12.038	307
12.055	231
12.072	204
12.089	88
12.106	266
12.123	358
12.139	219
12.156	382
12.173	228
12.190	437
12.207	79
12.224	192
12.241	241
12.258	406
12.275	236
12.292	426
12.309	280
12.326	222
12.343	155
12.359	266
12.376	285
12.393	114
12.410	646
12.427	394
12.444	345
12.461	306
12.478	200
12.495	367
12.512	343
12.529	283
12.545	150
12.562	448
12.579	264
12.596	526
12.613	346
12.630	528
12.647	287
12.664	421
12.681	394
12.698	428
12.715	181
12.731	360
12.748	415
12.765	504
12.782	438
12.799	432
12.816	423
12.833	458
12.850	451
12.867	243
12.884	433
12.900	293
12.917	250
12.934	432
12.951	358
12.968	452
12.985	360
13.002	354
13.019	287
13.036	406
13.053	335
13.070	472
13.086	629
13.103	339
13.120	468
13.137	345
13.154	463
13.171	288
13.188	423
13.205	574
13.222	348
13.239	333
13.256	363
13.272	455
13.289	331
13.306	359
13.323	265
13.340	278
13.357	437
13.374	522
13.391	424
13.408	474
13.425	394
13.441	480
13.458	459
13.475	423
13.492	486
13.509	565
13.526	370
13.543	426
13.560	407
13.577	305
13.594	356
13.611	324
13.627	448
13.644	414
13.661	174
13.678	535
13.695	305
13.712	465
13.729	259
13.746	523
13.763	308
13.780	423
13.797	306
13.813	387
13.830	578
13.847	762
13.864	499
13.881	348
13.898	346
13.915	568
13.932	464
13.949	359
13.966	492
13.982	476
13.999	530
14.016	373
14.033	374
14.050	456
14.067	488
14.084	362
14.101	400
14.118	474
14.135	738
14.152	550
14.168	331
14.185	452
14.202	413
14.219	473
14.236	496
14.253	261
14.270	323
14.287	439
14.304	616
14.321	369
14.338	327
14.354	639
14.371	438
14.388	506
14.405	401
14.422	486
14.439	370
14.456	538
14.473	529
14.490	458
14.507	466
14.523	374
14.540	443
14.557	385
14.574	482
14.591	359
14.608	334
14.625	399
14.642	658
14.659	544
14.676	570
14.693	302
14.709	454
14.726	406
14.743	532
14.760	538
14.777	323
14.794	419
14.811	637
14.828	625
14.845	258
14.862	407
14.879	339
14.895	341
14.912	302
14.929	212
14.946	437
14.963	425
14.980	359
14.997	481
15.014	579
15.031	245
15.048	416
15.064	537
15.081	399
15.098	367
15.115	533
15.132	343
15.149	592
15.166	501
15.183	295
15.200	436
15.217	309
15.234	453
15.250	421
15.267	468
15.284	491
15.301	497
15.318	351
15.335	555
15.352	267
15.369	376
15.386	540
15.403	410
15.420	609
15.436	564
15.453	261
15.470	509
15.487	490
15.504	511
15.521	444
15.538	342
15.555	552
15.572	512
15.589	431
15.605	567
15.622	401
15.639	406
15.656	769
15.673	500
15.690	574
15.707	541
15.724	500
15.741	717
15.758	420
15.775	548
15.792	451
15.809	462
15.826	487
15.842	485
15.859	542
15.876	393
15.893	434
15.910	493
15.927	706
15.944	416
15.961	562
15.978	530
15.995	496
16.012	567
16.028	505
16.045	372
16.062	449
16.079	475
16.096	404
16.113	418
16.130	490
16.147	248
16.164	342
16.181	516
16.197	306
16.214	516
16.231	682
16.248	787
16.265	515
16.282	519
16.299	532
16.316	418
16.333	511
16.350	459
16.367	553
16.383	571
16.400	306
16.417	387
16.434	414
16.451	497
16.468	521
16.485	434
16.502	353
16.519	404
16.536	509
16.553	284
16.569	338
16.586	207
16.603	388
16.620	349
16.637	478
16.654	373
16.671	498
16.688	498
16.705	437
16.722	484
16.738	559
16.755	407
16.772	534
16.789	486
16.806	312
16.823	461
16.840	688
16.857	379
16.874	373
16.891	442
16.908	452
16.924	582
16.941	570
16.958	361
16.975	403
16.992	527
17.009	368
17.026	461
17.043	424
17.060	402
17.077	648
17.094	496
17.110	542
17.127	492
17.144	498
17.161	503
17.178	581
17.195	257
17.212	441
17.229	513
17.246	321
17.263	447
17.279	545
17.296	556
17.313	305
17.330	298
17.347	419
17.364	346
17.381	327
17.398	498
17.415	288
17.432	632
17.449	528
17.465	424
17.482	332
17.499	310
17.516	278
17.533	268
17.550	326
17.567	222
17.584	446
17.601	434
17.618	242
17.635	371
17.651	507
17.668	369
17.685	440
17.702	341
17.719	209
17.736	274
17.753	172
17.770	288
17.787	351
17.804	324
17.820	299
17.837	412
17.854	475
17.871	338
17.888	238
17.905	325
17.922	326
17.939	540
17.956	381
17.973	187
17.990	310
18.006	291
18.023	335
18.040	304
18.057	412
18.074	476
18.091	108
18.108	354
18.125	368
18.142	358
18.159	269
18.176	384
18.192	588
18.209	349
18.226	321
18.243	381
18.260	365
18.277	160
18.294	489
18.311	344
18.328	332
18.345	397
18.361	535
18.378	378
18.395	257
18.412	285
18.429	407
18.446	330
18.463	308
18.480	449
18.497	256
18.514	499
18.531	459
18.547	499
18.564	732
18.581	434
18.598	367
18.615	563
18.632	251
18.649	302
18.666	314
18.683	428
18.700	454
18.717	534
18.733	406
18.750	611
18.767	361
18.784	339
18.801	579
18.818	490
18.835	262
18.852	250
18.869	498
18.886	482
18.902	311
18.919	472
18.936	612
18.953	444
18.970	534
18.987	655
19.004	492
19.021	428
19.038	374
19.055	458
19.072	484
19.089	301
19.106	441
19.122	257
19.139	278
19.156	267
19.173	549
19.190	147
19.207	354
19.224	337
19.241	205
19.258	548
19.275	493
19.292	400
19.308	427
19.325	408
19.342	393
19.359	263
19.376	141
19.393	265
19.410	231
19.427	199
19.444	335
19.461	332
19.478	280
19.494	134
19.511	207
19.528	283
19.545	272
19.562	152
19.579	200
19.596	47
19.613	57
19.630	157
19.647	57
19.663	54
19.680	196
19.697	195
19.714	61
19.731	176
19.748	87
19.765	100
19.782	115
19.799	81
19.816	82
19.833	49
19.849	80
19.866	201
19.883	207
19.900	193
19.917	197
19.934	113
19.951	186
19.968	256
19.985	83
20.002	58
20.018	157
20.035	312
20.052	102
20.069	212
20.086	57
20.103	129
20.120	72
20.137	80
20.154	82
20.171	132
20.188	259
20.204	89
20.221	156
20.238	98
20.255	104
20.272	129
20.289	114
20.306	43
20.323	129
20.340	271
20.357	161
20.374	186
20.390	121
20.407	103
20.424	90
20.441	153
20.458	246
20.475	82
20.492	117
20.509	83
20.526	136
20.543	125
20.559	133
20.576	89
20.593	188
20.610	91
20.627	132
20.644	138
20.661	234
20.678	196
20.695	177
20.712	233
20.729	97
20.745	125
20.762	155
20.779	189
20.796	129
20.813	108
20.830	114
20.847	169
20.864	195
20.881	159
20.898	149
20.915	191
20.931	76
20.948	140
20.965	84
20.982	171
20.999	163

