0.051	493
0.068	335
0.084	360
0.101	235
0.118	466
0.135	324
0.152	478
0.169	539
0.186	499
0.203	532
0.220	399
0.237	615
0.254	419
0.270	468
0.287	523
0.304	476
0.321	689
0.338	565
0.355	617
0.372	869
0.389	717
0.406	533
0.423	870
0.440	703
0.456	593
0.473	756
0.490	538
0.507	505
0.524	339
0.541	342
0.558	285
0.575	362
0.592	216
0.609	374
0.625	297
0.642	444
0.659	347
0.676	377
0.693	206
0.710	350
0.727	464
0.744	361
0.761	209
0.778	260
0.795	374
0.811	256
0.828	580
0.845	286
0.862	488
0.879	292
0.896	441
0.913	299
0.930	439
0.947	312
0.964	479
0.980	502
0.997	540
1.014	501
1.031	260
1.048	739
1.065	353
1.082	660
1.099	714
1.116	346
1.133	313
1.150	546
1.167	461
1.184	664
1.201	461
1.217	454
1.234	538
1.251	895
1.268	461
1.285	331
1.302	305
1.319	356
1.336	438
1.353	467
1.370	254
1.387	281
1.403	732
1.420	307
1.437	386
1.454	473
1.471	470
1.488	535
1.505	416
1.522	553
1.539	742
1.556	700
1.572	788
1.589	699
1.606	738
1.623	648
1.640	902
1.657	769
1.674	673
1.691	910
1.708	859
1.725	885
1.742	1145
1.758	972
1.775	890
1.792	993
1.809	624
1.826	1074
1.843	838
1.860	1059
1.877	669
1.894	979
1.911	884
1.928	1411
1.944	875
1.961	713
1.978	990
1.995	750
2.012	1036
2.029	681
2.046	1172
2.063	877
2.080	928
2.097	1156
2.113	895
2.130	820
2.147	492
2.164	865
2.181	956
2.198	797
2.215	813
2.232	945
2.249	1061
2.266	630
2.283	917
2.299	1051
2.316	490
2.333	963
2.350	1470
2.367	1098
2.384	888
2.401	981
2.418	871
2.435	1048
2.452	1178
2.468	1014
2.485	873
2.502	1091
2.519	869
2.536	831
2.553	1350
2.570	992
2.587	1188
2.604	970
2.621	1018
2.638	996
2.654	1133
2.671	1181
2.688	1274
2.705	1048
2.722	640
2.739	779
2.756	1046
2.773	820
2.790	744
2.807	880
2.824	965
2.840	1196
2.857	1468
2.874	1209
2.891	1083
2.908	1346
2.925	1579
2.942	1472
2.959	1416
2.976	1409
2.993	1716
3.010	1728
3.026	1163
3.043	1397
3.060	1260
3.077	1487
3.094	1389
3.111	1480
3.128	1663
3.145	1349
3.162	1699
3.179	1808
3.196	1267
3.213	1924
3.230	1387
3.246	1430
3.263	1386
3.280	1612
3.297	1474
3.314	1533
3.331	1566
3.348	2317
3.365	1840
3.382	1857
3.399	2250
3.416	2141
3.432	2344
3.449	2045
3.466	1882
3.483	2425
3.500	2515
3.517	2261
3.534	2109
3.551	2083
3.568	2969
3.585	1498
3.602	1648
3.618	2360
3.635	1535
3.652	1637
3.669	1971
3.686	1944
3.703	1720
3.720	1449
3.737	1956
3.754	2010
3.771	1687
3.787	1791
3.804	1532
3.821	1272
3.838	1818
3.855	1346
3.872	1291
3.889	1607
3.906	1441
3.923	1913
3.940	1671
3.957	1499
3.973	1224
3.990	1093
4.007	1257
4.024	1372
4.041	1732
4.058	975
4.075	1412
4.092	1573
4.109	1233
4.126	1321
4.142	1689
4.159	1396
4.176	1546
4.193	1334
4.210	1945
4.227	1904
4.244	1405
4.261	1668
4.278	1766
4.295	1749
4.312	1880
4.328	1722
4.345	2211
4.362	2151
4.379	1776
4.396	2250
4.413	2308
4.430	1778
4.447	2056
4.464	2103
4.481	1892
4.498	1886
4.514	2232
4.531	2187
4.548	2118
4.565	1692
4.582	2038
4.599	2177
4.616	2056
4.633	2071
4.650	1793
4.667	1786
4.683	1915
4.700	2029
4.717	1747
4.734	2043
4.751	1940
4.768	1908
4.785	1607
4.802	1616
4.819	2217
4.836	1985
4.853	1834
4.869	1473
4.886	1797
4.903	2056
4.920	1830
4.937	2121
4.954	2104
4.971	1999
4.988	2099
5.005	2045
5.022	2194
5.039	2324
5.055	2297
5.072	2994
5.089	2976
5.106	3386
5.123	4132
5.140	4377
5.157	4101
5.174	4058
5.191	3869
5.208	4448
5.225	3691
5.241	3914
5.258	5146
5.275	4042
5.292	4886
5.309	5201
5.326	4807
5.343	4880
5.360	5512
5.377	5213
5.394	6601
5.410	7492
5.427	7726
5.444	7776
5.461	9330
5.478	9695
5.495	8674
5.512	11414
5.529	12414
5.546	12366
5.563	13786
5.580	14215
5.596	14359
5.613	13107
5.630	11523
5.647	13030
5.664	11389
5.681	11600
5.698	11416
5.715	11082
5.732	11024
5.749	11619
5.766	12650
5.782	13700
5.799	17250
5.816	16870
5.833	17286
5.850	18502
5.867	19184
5.884	21624
5.901	21881
5.918	23138
5.935	21405
5.951	20696
5.968	20017
5.985	17126
6.002	14619
6.053	9428
6.104	6027
6.155	4086
6.205	4869
6.256	4339
6.307	4867
6.358	3934
6.408	3384
6.459	2580
6.510	2877
6.561	2378
6.612	2593
6.662	2596
6.713	3214
6.764	3012
6.815	2873
6.865	5678
6.916	34434
6.967	57946
7.018	23074
7.068	7508
7.119	4885
7.170	4413
7.221	3680
7.272	3638
7.322	2959
7.373	2537
7.424	2801
7.475	926
7.525	870
7.542	1217
7.559	1149
7.576	1222
7.593	1858
7.610	1944
7.627	2259
7.644	2466
7.661	2382
7.678	1781
7.695	2531
7.711	1914
7.728	1763
7.745	2100
7.762	2318
7.779	2081
7.796	2030
7.813	2624
7.830	2113
7.847	1859
7.864	2216
7.881	1884
7.897	2287
7.914	1706
7.931	2669
7.948	2195
7.965	2293
7.982	1816
7.999	2275
8.016	2096
8.033	2614
8.050	2091
8.066	2255
8.083	1658
8.100	2542
8.117	2602
8.134	2159
8.151	1882
8.168	2156
8.185	1908
8.202	2560
8.219	2668
8.236	5456
8.252	4889
8.269	7138
8.286	8711
8.303	10231
8.320	10832
8.337	10776
8.354	11899
8.371	11546
8.388	15403
8.405	19926
8.422	24582
8.438	29266
8.455	28876
8.472	28483
8.489	33829
8.506	28723
8.523	25522
8.540	22879
8.557	19947
8.574	13867
8.591	12906
8.608	7880
8.624	7338
8.641	5040
8.658	4091
8.675	3124
8.692	3419
8.709	3332
8.726	3016
8.743	3310
8.760	3214
8.777	2960
8.793	2830
8.810	2813
8.827	2988
8.844	2846
8.861	2075
8.878	2845
8.895	2755
8.912	3310
8.929	3063
8.946	3465
8.963	3362
8.979	4681
8.996	4710
9.013	4957
9.030	5482
9.047	5069
9.064	5698
9.081	7016
9.098	5104
9.115	4978
9.132	4575
9.149	5598
9.165	4685
9.182	4044
9.199	3396
9.216	3913
9.233	3648
9.250	3263
9.267	4082
9.284	3759
9.301	3120
9.318	4295
9.335	2706
9.352	2643
9.369	2869
9.385	2779
9.402	3301
9.419	3303
9.436	1864
9.453	2596
9.470	2925
9.487	2394
9.504	3002
9.521	2220
9.538	2979
9.555	2542
9.571	2740
9.588	2879
9.605	2888
9.622	2328
9.639	2571
9.656	2315
9.673	2567
9.690	2810
9.707	3184
9.724	2899
9.740	2606
9.757	2814
9.774	3609
9.791	3853
9.808	3310
9.825	4043
9.842	2992
9.859	3689
9.876	3354
9.893	3576
9.910	3525
9.926	2798
9.943	3253
9.960	3434
9.977	3492
9.994	3588
10.011	3260
10.028	3415
10.045	3065
10.062	3104
10.079	3688
10.096	1800
10.112	2604
10.129	2512
10.146	2454
10.163	2265
10.180	2697
10.197	2346
10.214	1725
10.231	2369
10.248	2746
10.265	2256
10.281	2380
10.298	2253
10.315	1951
10.332	2058
10.349	2493
10.366	2455
10.383	2609
10.400	2200
10.417	1997
10.434	1930
10.451	2103
10.467	2701
10.484	2264
10.501	2142
10.518	2078
10.535	2385
10.552	2707
10.569	2995
10.586	2819
10.603	2873
10.620	2095
10.637	2710
10.653	2466
10.670	3123
10.687	2440
10.704	3412
10.721	3499
10.738	3139
10.755	2705
10.772	3244
10.789	2876
10.806	2734
10.822	2707
10.839	2293
10.856	3240
10.873	3266
10.890	2244
10.907	2194
10.924	2787
10.941	2997
10.958	2859
10.975	2406
10.992	2368
11.008	1782
11.025	2234
11.042	2315
11.059	2787
11.076	2624
11.093	2383
11.110	2374
11.127	2784
11.144	2961
11.161	2033
11.178	2031
11.194	2138
11.211	2526
11.229	2384
11.245	1874
11.262	2185
11.279	2538
11.296	3122
11.313	2419
11.330	2573
11.347	2340
11.364	2804
11.381	3151
11.398	2228
11.415	2058
11.431	2533
11.448	2354
11.465	1889
11.482	2402
11.499	3355
11.516	2128
11.533	2200
11.550	2182
11.567	2664
11.584	2437
11.600	2431
11.617	1704
11.634	2352
11.651	2564
11.668	2495
11.685	2341
11.702	2324
11.719	2983
11.736	2250
11.753	2023
11.770	2840
11.786	3121
11.803	2093
11.820	2448
11.837	1951
11.854	2347
11.871	2043
11.888	2425
11.905	1731
11.922	2433
11.939	2296
11.955	2051
11.972	2340
11.989	1861
12.006	2361
12.023	2340
12.040	2036
12.057	2259
12.074	1796
12.091	2356
12.108	2365
12.125	2925
12.141	2185
12.158	2259
12.175	2518
12.192	2223
12.209	2289
12.226	1705
12.243	2612
12.260	2395
12.277	2743
12.294	2460
12.311	1947
12.327	2284
12.344	2668
12.361	2310
12.378	2349
12.395	2690
12.412	2756
12.429	2536
12.446	2663
12.463	2432
12.480	2528
12.497	2500
12.513	2753
12.530	2536
12.547	2695
12.564	2795
12.581	2128
12.598	2504
12.615	2730
12.632	2819
12.649	2822
12.666	1837
12.682	2344
12.699	2956
12.716	2842
12.733	2599
12.750	3018
12.767	2628
12.784	2374
12.801	2949
12.818	2751
12.835	2221
12.852	2556
12.868	2583
12.885	2399
12.902	1969
12.919	3001
12.936	2240
12.953	2339
12.970	2963
12.987	2774
13.004	2545
13.021	1921
13.038	2742
13.054	2276
13.071	2226
13.088	2834
13.105	1818
13.122	2133
13.139	2780
13.156	2581
13.173	2229
13.190	2361
13.207	2336
13.224	2896
13.240	2002
13.257	2395
13.274	2852
13.291	2773
13.308	2513
13.325	3100
13.342	2395
13.359	2415
13.376	2204
13.393	2672
13.409	2528
13.426	3191
13.443	2848
13.460	2626
13.477	3027
13.494	2583
13.511	3631
13.528	2812
13.545	2824
13.562	2581
13.579	3224
13.595	3167
13.612	3497
13.629	2967
13.646	3389
13.663	3491
13.680	3830
13.697	3770
13.714	3993
13.731	3708
13.748	4178
13.765	3666
13.782	3204
13.799	4048
13.816	4646
13.832	3194
13.849	3946
13.866	3598
13.883	3900
13.900	4564
13.917	3875
13.934	3037
13.951	3700
13.968	3561
13.985	4242
14.001	3383
14.018	3968
14.035	4630
14.052	3885
14.069	5370
14.086	4912
14.103	4727
14.120	4264
14.137	4641
14.154	5273
14.171	4730
14.187	4483
14.204	4874
14.221	5016
14.238	4311
14.255	5275
14.272	4417
14.289	4013
14.306	4174
14.323	4222
14.340	4788
14.356	5678
14.373	5027
14.390	6072
14.407	4656
14.424	6121
14.441	5530
14.458	4954
14.475	4921
14.492	4513
14.509	4758
14.526	4015
14.542	3902
14.559	3702
14.576	4589
14.593	4759
14.610	4739
14.627	4603
14.644	4605
14.661	4215
14.678	3991
14.695	4809
14.712	3954
14.728	4096
14.745	3571
14.762	3602
14.779	3352
14.796	3616
14.813	3139
14.830	3011
14.847	3124
14.864	2779
14.881	3205
14.898	3346
14.914	3479
14.931	3839
14.948	3132
14.965	2678
14.982	2853
14.999	2050
15.016	2636
15.033	2834
15.050	2371
15.067	2511
15.083	2957
15.100	2297
15.117	2435
15.134	2801
15.151	2331
15.168	2160
15.185	2354
15.202	2308
15.219	2315
15.236	2025
15.253	2670
15.269	2069
15.286	1750
15.303	2933
15.320	2373
15.337	2692
15.354	3071
15.371	2413
15.388	2400
15.405	2850
15.422	2439
15.439	3154
15.455	2019
15.472	2448
15.489	2427
15.506	2450
15.523	2804
15.540	2880
15.557	2919
15.574	2652
15.591	2758
15.608	2609
15.624	3081
15.641	2787
15.658	2850
15.675	3173
15.692	3474
15.709	3210
15.726	2549
15.743	2553
15.760	2992
15.777	3138
15.794	2570
15.810	2610
15.827	2688
15.844	3152
15.861	2511
15.878	3031
15.895	3585
15.912	2135
15.929	2224
15.946	2681
15.963	2354
15.980	2566
15.996	2611
16.013	2491
16.030	2504
16.047	2465
16.064	2972
16.081	2751
16.098	3088
16.115	2714
16.132	2197
16.149	2326
16.165	2220
16.183	2575
16.200	2175
16.217	2412
16.233	2876
16.250	2357
16.267	2033
16.284	2233
16.301	2363
16.318	2439
16.335	2027
16.352	2111
16.369	2282
16.386	2838
16.403	2665
16.419	2709
16.436	2883
16.453	1819
16.470	2343
16.487	2245
16.504	2026
16.521	2681
16.538	1738
16.555	2220
16.572	2440
16.588	2373
16.605	2538
16.622	2242
16.639	2400
16.656	2383
16.673	2905
16.690	2395
16.707	2124
16.724	2028
16.741	2493
16.758	2338
16.774	2429
16.791	1944
16.808	2429
16.825	2454
16.842	2518
16.859	3505
16.876	2994
16.893	3330
16.910	3412
16.927	2993
16.944	3150
16.960	3201
16.977	3070
16.994	3582
17.011	3486
17.028	3066
17.045	3573
17.062	3030
17.079	3678
17.096	3526
17.113	4356
17.129	3206
17.146	3446
17.163	3840
17.180	3493
17.197	3584
17.214	4341
17.231	4857
17.248	4157
17.265	3731
17.282	4209
17.299	4257
17.315	4897
17.332	4252
17.349	4522
17.366	4365
17.383	4545
17.400	4446
17.417	4508
17.434	4814
17.451	3525
17.468	4265
17.485	4014
17.501	4671
17.518	4773
17.535	4368
17.552	4137
17.569	4689
17.586	4544
17.603	5329
17.620	4073
17.637	3776
17.654	4534
17.670	4627
17.687	3416
17.704	4789
17.721	4277
17.738	3929
17.755	4206
17.772	3565
17.789	3908
17.806	3977
17.823	3722
17.840	3896
17.856	4187
17.873	3632
17.890	4099
17.907	4373
17.924	3738
17.941	4071
17.958	3142
17.975	3570
17.992	3840
18.009	4080
18.026	4206
18.042	3697
18.059	3266
18.076	3751
18.093	3784
18.110	3793
18.127	3815
18.144	3558
18.161	3606
18.178	3245
18.195	4044
18.211	3025
18.228	3871
18.245	3054
18.262	3408
18.279	3185
18.296	2812
18.313	2686
18.330	3426
18.347	2806
18.364	3569
18.381	2850
18.398	3407
18.415	3157
18.432	2925
18.449	2067
18.466	2494
18.482	2257
18.499	1991
18.516	2155
18.533	2626
18.550	2114
18.567	2222
18.584	2213
18.601	2235
18.618	1894
18.635	2266
18.651	2616
18.668	2074
18.685	1903
18.702	2215
18.719	2192
18.736	2168
18.753	2021
18.770	2177
18.787	1903
18.804	2211
18.821	2683
18.837	2208
18.854	2418
18.871	2066
18.888	1998
18.905	2588
18.922	2239
18.939	2509
18.956	2068
18.973	1859
18.990	2111
19.007	2017
19.023	1727
19.040	2344
19.057	1754
19.074	2480
19.091	2326
19.108	1849
19.125	1845
19.142	2091
19.159	1988
19.176	1778
19.192	1825
19.209	1959
19.226	1818
19.243	1957
19.260	1393
19.277	848
19.294	668
19.311	722
19.328	787
19.345	606
19.362	269
19.378	425
19.395	328
19.412	542
19.429	526
19.446	387
19.463	389
19.480	391
19.497	296
19.514	305
19.531	378
19.548	373
19.564	536
19.581	399
19.598	210
19.615	381
19.632	248
19.649	135
19.666	309
19.683	329
19.700	355
19.717	364
19.733	330
19.750	308
19.767	411
19.784	302
19.801	295
19.818	311
19.835	189
19.852	302
19.869	220
19.886	503
19.903	279
19.919	307
19.936	502
19.953	195
19.970	179
19.987	240
20.004	243
20.021	81
20.038	248
20.055	386
20.072	173
20.089	330
20.105	349
20.122	215
20.139	328
20.156	272
20.173	239
20.190	275
20.207	297
20.224	342
20.241	600
20.258	202
20.274	319
20.292	180
20.309	285
20.325	335
20.342	145
20.359	426
20.376	197
20.393	395
20.410	245
20.427	345
20.444	497
20.461	342
20.478	316
20.495	233
20.511	199
20.528	235
20.545	294
20.562	252
20.579	486
20.596	237
20.613	438
20.630	287
20.647	394
20.664	293
20.680	372
20.697	440
20.714	421
20.731	500
20.748	327
20.765	433
20.782	233
20.799	177
20.816	161
20.833	427
20.850	226
20.866	372
20.883	432
20.900	318
20.917	302
20.934	272
20.951	326
20.968	218
20.985	219
21.002	243
21.019	281
21.036	316
21.052	219
21.069	285
21.086	511
21.103	373
21.120	491
21.137	291
21.154	255
21.171	239
21.188	389
21.205	289
21.221	232
21.238	341
21.255	300
21.272	52
21.289	182
21.306	203
21.323	196
21.340	122
21.357	185
21.374	282
21.391	75
21.407	301
21.424	425
21.441	259
21.458	208
21.475	232
21.492	208
21.509	311
21.526	103
21.543	317
21.560	467
21.577	107
21.593	267
21.610	470
21.627	342
21.644	280
21.661	484
21.678	318
21.695	268
21.712	405
21.729	209
21.746	159
21.763	300
21.779	273
21.796	358
21.813	100
21.830	312
21.847	270
21.864	219
21.881	273
21.898	275
21.915	507
21.932	330
21.948	443
21.965	678
21.982	252
21.999	481
22.016	239
22.033	377
22.050	474
22.067	418
22.084	428
22.101	318
22.118	454
22.134	377
22.151	380
22.168	429
22.185	209
22.202	337
22.219	521
22.236	238
22.253	493
22.270	637
22.287	354
22.303	227
22.320	291
22.337	526
22.354	560
22.371	494
22.388	450
22.405	768
22.422	445
22.439	694
22.456	329
22.473	508
22.489	394
22.506	610
22.523	419
22.540	481
22.557	483
22.574	227
22.591	498
22.608	399
22.625	674
22.642	755
22.659	644
22.675	577
22.692	411
22.709	641
22.726	301
22.743	517
22.760	410
22.777	511
22.794	488
22.811	305
22.828	694
22.844	606
22.861	714
22.878	232
22.895	649
22.912	563
22.929	388
22.946	347
22.963	218
22.980	313

