0.034	100
0.051	247
0.068	129
0.084	169
0.101	192
0.118	199
0.135	217
0.152	177
0.169	224
0.186	193
0.203	119
0.220	159
0.237	263
0.254	153
0.270	156
0.287	252
0.304	159
0.321	188
0.338	154
0.355	211
0.372	155
0.389	22
0.406	218
0.423	54
0.439	175
0.456	266
0.473	131
0.490	205
0.507	195
0.524	189
0.541	139
0.558	253
0.575	243
0.592	298
0.609	123
0.626	169
0.642	216
0.659	100
0.676	185
0.693	157
0.710	214
0.727	45
0.744	173
0.761	90
0.778	169
0.795	268
0.811	144
0.828	124
0.845	108
0.862	122
0.879	176
0.896	142
0.913	101
0.930	240
0.947	206
0.964	152
0.981	52
0.997	191
1.014	281
1.031	211
1.048	170
1.065	290
1.082	152
1.099	183
1.116	211
1.133	180
1.150	78
1.166	207
1.183	152
1.200	189
1.217	196
1.234	175
1.251	157
1.268	102
1.285	126
1.302	119
1.319	193
1.336	171
1.352	109
1.369	153
1.386	85
1.403	189
1.420	100
1.437	178
1.454	73
1.471	153
1.488	218
1.505	182
1.522	151
1.538	219
1.555	265
1.572	86
1.589	217
1.606	130
1.623	129
1.640	139
1.657	176
1.674	136
1.691	143
1.707	82
1.724	94
1.741	272
1.758	76
1.775	116
1.792	46
1.809	98
1.826	82
1.843	185
1.860	169
1.877	188
1.893	87
1.910	101
1.927	126
1.944	157
1.961	217
1.978	61
1.995	55
2.012	52
2.029	210
2.046	188
2.063	94
2.079	169
2.096	107
2.113	141
2.130	56
2.147	162
2.164	180
2.181	192
2.198	189
2.215	205
2.232	305
2.249	274
2.265	241
2.283	137
2.299	195
2.316	241
2.333	161
2.350	140
2.367	137
2.384	109
2.401	75
2.418	121
2.435	143
2.452	184
2.469	208
2.485	123
2.502	158
2.519	186
2.536	117
2.553	121
2.570	62
2.587	19
2.604	265
2.621	126
2.638	79
2.654	274
2.671	78
2.688	87
2.705	344
2.722	87
2.739	229
2.756	31
2.773	97
2.790	148
2.807	225
2.824	254
2.840	204
2.857	210
2.874	128
2.891	176
2.908	124
2.925	207
2.942	193
2.959	221
2.976	109
2.993	112
3.010	96
3.026	149
3.043	256
3.060	119
3.077	210
3.094	119
3.111	153
3.128	193
3.145	159
3.162	212
3.179	182
3.195	236
3.212	150
3.229	244
3.246	184
3.263	123
3.280	162
3.297	162
3.314	301
3.331	400
3.348	180
3.365	280
3.381	255
3.398	146
3.415	246
3.432	286
3.449	150
3.466	230
3.483	264
3.500	297
3.517	160
3.534	343
3.551	207
3.567	281
3.584	236
3.601	164
3.618	343
3.635	329
3.652	279
3.669	356
3.686	243
3.703	250
3.720	271
3.736	329
3.753	298
3.770	193
3.787	280
3.804	347
3.821	289
3.838	286
3.855	320
3.872	203
3.889	491
3.906	336
3.922	219
3.939	400
3.956	582
3.973	253
3.990	374
4.007	440
4.024	453
4.041	543
4.058	325
4.075	471
4.092	464
4.108	406
4.125	466
4.142	646
4.159	568
4.176	718
4.193	659
4.210	521
4.227	383
4.244	591
4.261	807
4.277	858
4.294	425
4.311	635
4.328	510
4.345	764
4.362	607
4.379	556
4.396	709
4.413	815
4.430	945
4.447	796
4.463	807
4.480	712
4.497	791
4.514	1354
4.531	854
4.548	1255
4.565	964
4.582	1064
4.599	884
4.616	1043
4.633	1053
4.649	1097
4.666	1063
4.683	987
4.700	1593
4.717	1142
4.734	1178
4.751	1128
4.768	931
4.785	1293
4.802	859
4.818	1040
4.835	1107
4.852	1108
4.869	1138
4.886	1394
4.903	933
4.920	1085
4.937	1041
4.954	840
4.971	986
4.988	914
5.004	941
5.021	929
5.038	1013
5.055	725
5.072	757
5.089	1014
5.106	912
5.123	755
5.140	722
5.157	956
5.174	951
5.190	1006
5.207	1165
5.224	1291
5.241	1456
5.258	2677
5.275	2966
5.292	2232
5.309	2543
5.326	1907
5.343	1370
5.359	1052
5.376	1170
5.393	929
5.410	779
5.427	980
5.444	748
5.461	716
5.478	668
5.495	776
5.512	743
5.529	1208
5.545	954
5.562	774
5.579	591
5.596	439
5.613	883
5.630	946
5.647	1253
5.664	1375
5.681	1060
5.698	1437
5.715	1438
5.731	986
5.748	1669
5.765	1341
5.782	1385
5.799	1543
5.816	1144
5.833	936
5.850	1146
5.867	1112
5.884	1257
5.900	824
5.917	828
5.934	1127
5.951	1403
5.968	1335
5.985	1485
6.002	1338
6.019	1904
6.036	3289
6.053	2523
6.070	3206
6.086	2549
6.103	2976
6.120	2431
6.137	1812
6.154	1280
6.171	951
6.188	805
6.205	890
6.222	879
6.239	850
6.256	1016
6.272	803
6.289	745
6.306	638
6.323	903
6.340	465
6.357	935
6.374	494
6.391	610
6.408	803
6.425	890
6.441	809
6.458	782
6.475	1046
6.492	534
6.509	458
6.526	640
6.543	692
6.560	472
6.577	577
6.594	838
6.611	667
6.627	589
6.644	846
6.661	820
6.678	817
6.695	651
6.712	722
6.729	740
6.746	698
6.763	592
6.780	826
6.797	677
6.813	1514
6.830	807
6.847	1146
6.864	785
6.881	1090
6.898	1059
6.915	781
6.932	830
6.949	795
6.966	882
6.982	790
6.999	601
7.016	600
7.067	940
7.118	1380
7.169	1385
7.219	1472
7.270	16245
7.321	772923
7.372	1942234
7.423	958116
7.473	223717
7.524	68790
7.541	51564
7.558	44474
7.575	39990
7.592	35530
7.609	27604
7.626	20895
7.642	17758
7.659	18071
7.676	11899
7.693	11012
7.710	9796
7.727	9315
7.744	9183
7.761	8078
7.778	6819
7.795	6753
7.812	6450
7.828	5885
7.845	5369
7.862	4334
7.879	4322
7.896	4516
7.913	3643
7.930	2823
7.947	2181
7.964	1208
7.981	1532
7.997	1233
8.014	1552
8.031	1417
8.048	1720
8.065	1956
8.082	1862
8.099	1663
8.116	2556
8.133	2143
8.150	1911
8.167	2139
8.183	1612
8.200	2105
8.217	1545
8.234	1883
8.251	1254
8.268	1116
8.285	1440
8.302	1200
8.319	1805
8.336	1584
8.352	1391
8.369	1141
8.386	1338
8.403	1386
8.420	1146
8.437	1160
8.454	1162
8.471	965
8.488	1247
8.505	1212
8.522	998
8.538	998
8.555	794
8.572	991
8.589	1152
8.606	1107
8.623	877
8.640	1341
8.657	1119
8.674	1415
8.691	774
8.708	1122
8.724	683
8.741	812
8.758	809
8.775	749
8.792	405
8.809	1072
8.826	732
8.843	776
8.860	779
8.877	846
8.894	763
8.910	668
8.927	894
8.944	939
8.961	818
8.978	1145
8.995	1362
9.012	2088
9.029	2352
9.046	3654
9.063	3237
9.079	4594
9.096	4478
9.113	3901
9.130	2783
9.147	2181
9.164	1794
9.181	1580
9.198	796
9.215	1045
9.232	767
9.249	599
9.265	629
9.282	572
9.299	964
9.316	660
9.333	529
9.350	694
9.367	800
9.384	647
9.401	778
9.418	615
9.434	712
9.451	437
9.468	874
9.485	719
9.502	732
9.519	891
9.536	632
9.553	657
9.570	791
9.587	498
9.604	816
9.620	904
9.637	810
9.654	1000
9.671	1008
9.688	775
9.705	1133
9.722	812
9.739	743
9.756	587
9.773	722
9.790	757
9.806	705
9.823	642
9.840	724
9.857	805
9.874	594
9.891	588
9.908	721
9.925	676
9.942	767
9.959	751
9.976	972
9.992	610
10.009	839
10.026	809
10.043	419
10.060	560
10.077	607
10.094	550
10.111	991
10.128	631
10.145	526
10.161	803
10.178	740
10.195	537
10.212	697
10.229	665
10.246	971
10.263	395
10.280	713
10.297	820
10.314	576
10.331	418
10.347	1033
10.364	796
10.381	862
10.398	619
10.415	1016
10.432	865
10.449	807
10.466	1030
10.483	1303
10.500	907
10.517	1215
10.533	895
10.550	768
10.567	847
10.584	1073
10.601	1281
10.618	1191
10.635	1170
10.652	1648
10.669	1255
10.686	1220
10.702	1432
10.719	1648
10.736	1146
10.753	2007
10.770	1608
10.787	1626
10.804	2070
10.821	2060
10.838	2400
10.855	2239
10.872	3406
10.888	3195
10.905	3007
10.922	2878
10.939	3237
10.956	3056
10.973	1803
10.990	1985
11.007	1626
11.024	1117
11.041	1023
11.057	1338
11.074	1349
11.091	1017
11.108	957
11.125	870
11.142	767
11.159	902
11.176	638
11.193	571
11.210	567
11.227	888
11.243	882
11.260	1032
11.277	990
11.294	710
11.311	801
11.328	1135
11.345	936
11.362	719
11.379	819
11.396	650
11.413	494
11.429	697
11.446	619
11.463	862
11.480	981
11.497	917
11.514	901
11.531	859
11.548	809
11.565	851
11.582	520
11.598	803
11.615	742
11.632	399
11.649	809
11.666	557
11.683	1069
11.700	704
11.717	496
11.734	713
11.751	763
11.768	592
11.784	892
11.801	567
11.818	707
11.835	559
11.852	521
11.869	732
11.886	664
11.903	467
11.920	698
11.937	943
11.954	856
11.970	747
11.987	429
12.004	587
12.021	1042
12.038	837
12.055	450
12.072	826
12.089	571
12.106	444
12.123	519
12.139	616
12.156	688
12.173	641
12.190	573
12.207	592
12.224	688
12.241	573
12.258	515
12.275	588
12.292	512
12.309	592
12.326	832
12.343	838
12.359	916
12.376	678
12.393	862
12.410	724
12.427	536
12.444	441
12.461	801
12.478	746
12.495	499
12.512	749
12.529	673
12.545	676
12.562	642
12.579	710
12.596	619
12.613	297
12.630	652
12.647	746
12.664	578
12.681	781
12.698	472
12.715	567
12.731	585
12.748	764
12.765	882
12.782	739
12.799	638
12.816	623
12.833	686
12.850	885
12.867	691
12.884	786
12.900	659
12.917	798
12.934	304
12.951	470
12.968	627
12.985	596
13.002	613
13.019	604
13.036	656
13.053	838
13.070	861
13.086	446
13.103	352
13.120	681
13.137	620
13.154	690
13.171	466
13.188	756
13.205	751
13.222	627
13.239	697
13.256	864
13.272	751
13.289	477
13.306	602
13.323	790
13.340	711
13.357	735
13.374	878
13.391	598
13.408	774
13.425	702
13.441	725
13.458	575
13.475	739
13.492	584
13.509	681
13.526	705
13.543	676
13.560	667
13.577	772
13.594	672
13.611	682
13.627	688
13.644	707
13.661	1069
13.678	732
13.695	919
13.712	647
13.729	860
13.746	970
13.763	747
13.780	1061
13.797	745
13.813	941
13.830	1010
13.847	987
13.864	829
13.881	890
13.898	781
13.915	694
13.932	1142
13.949	730
13.966	1013
13.982	1340
13.999	980
14.016	1179
14.033	840
14.050	1430
14.067	863
14.084	1264
14.101	1052
14.118	973
14.135	888
14.152	1483
14.168	1087
14.185	954
14.202	1422
14.219	1200
14.236	1150
14.253	1615
14.270	1246
14.287	1030
14.304	1533
14.321	1316
14.338	1568
14.354	1299
14.371	1415
14.388	1488
14.405	1655
14.422	1353
14.439	1286
14.456	1685
14.473	1412
14.490	1734
14.507	1370
14.523	1468
14.540	1435
14.557	1581
14.574	1754
14.591	1598
14.608	1293
14.625	1595
14.642	1431
14.659	1564
14.676	1269
14.693	1004
14.709	1227
14.726	1423
14.743	1377
14.760	1356
14.777	1093
14.794	1221
14.811	1361
14.828	1368
14.845	982
14.862	1439
14.879	1162
14.895	859
14.912	830
14.929	1110
14.946	1326
14.963	830
14.980	1190
14.997	1112
15.014	805
15.031	1124
15.048	769
15.064	1120
15.081	801
15.098	1002
15.115	895
15.132	667
15.149	827
15.166	754
15.183	530
15.200	545
15.217	757
15.234	682
15.250	846
15.267	845
15.284	840
15.301	682
15.318	645
15.335	677
15.352	644
15.369	612
15.386	1015
15.403	864
15.420	625
15.436	925
15.453	860
15.470	781
15.487	633
15.504	693
15.521	652
15.538	650
15.555	715
15.572	675
15.589	1012
15.605	615
15.622	860
15.639	632
15.656	823
15.673	863
15.690	731
15.707	747
15.724	792
15.741	1069
15.758	566
15.775	654
15.792	734
15.809	656
15.826	642
15.842	548
15.859	807
15.876	860
15.893	558
15.910	622
15.927	666
15.944	739
15.961	750
15.978	878
15.995	901
16.012	716
16.028	538
16.045	640
16.062	843
16.079	769
16.096	695
16.113	694
16.130	979
16.147	795
16.164	765
16.181	786
16.197	698
16.214	728
16.231	717
16.248	377
16.265	724
16.282	632
16.299	744
16.316	737
16.333	680
16.350	670
16.367	630
16.383	1000
16.400	772
16.417	766
16.434	707
16.451	933
16.468	621
16.485	575
16.502	619
16.519	705
16.536	887
16.553	559
16.569	711
16.586	696
16.603	753
16.620	622
16.637	744
16.654	652
16.671	787
16.688	693
16.705	843
16.722	844
16.738	599
16.755	741
16.772	969
16.789	1015
16.806	780
16.823	1248
16.840	942
16.857	844
16.874	818
16.891	844
16.908	706
16.924	696
16.941	918
16.958	1059
16.975	956
16.992	933
17.009	917
17.026	810
17.043	790
17.060	824
17.077	748
17.094	806
17.110	546
17.127	830
17.144	889
17.161	768
17.178	666
17.195	731
17.212	694
17.229	573
17.246	754
17.263	574
17.279	873
17.296	777
17.313	521
17.330	535
17.347	810
17.364	679
17.381	586
17.398	594
17.415	806
17.432	653
17.449	429
17.465	689
17.482	491
17.499	546
17.516	413
17.533	572
17.550	497
17.567	617
17.584	912
17.601	746
17.618	407
17.635	625
17.651	293
17.668	568
17.685	474
17.702	748
17.719	627
17.736	368
17.753	530
17.770	453
17.787	541
17.804	611
17.820	624
17.837	478
17.854	536
17.871	481
17.888	553
17.905	468
17.922	601
17.939	589
17.956	532
17.973	447
17.990	523
18.006	495
18.023	665
18.040	514
18.057	435
18.074	540
18.091	454
18.108	488
18.125	498
18.142	413
18.159	418
18.176	486
18.192	658
18.209	711
18.226	494
18.243	689
18.260	444
18.277	386
18.294	582
18.311	567
18.328	568
18.345	573
18.361	576
18.378	564
18.395	413
18.412	475
18.429	818
18.446	476
18.463	570
18.480	535
18.497	720
18.514	475
18.531	652
18.547	561
18.564	712
18.581	743
18.598	458
18.615	558
18.632	540
18.649	477
18.666	734
18.683	484
18.700	322
18.717	664
18.733	539
18.750	522
18.767	453
18.784	663
18.801	430
18.818	712
18.835	648
18.852	538
18.869	573
18.886	869
18.902	666
18.919	697
18.936	663
18.953	844
18.970	642
18.987	571
19.004	723
19.021	651
19.038	491
19.055	656
19.072	633
19.089	470
19.106	480
19.122	487
19.139	774
19.156	485
19.173	216
19.190	802
19.207	553
19.224	615
19.241	434
19.258	462
19.275	311
19.292	362
19.308	241
19.325	359
19.342	188
19.359	246
19.376	277
19.393	133
19.410	90
19.427	354
19.444	106
19.461	138
19.478	83
19.494	156
19.511	94
19.528	187
19.545	241
19.562	164
19.579	162
19.596	66
19.613	71
19.630	155
19.647	81
19.663	132
19.680	165
19.697	143
19.714	118
19.731	21
19.748	20
19.765	61
19.782	55
19.799	52
19.816	113
19.833	122
19.849	43
19.866	114
19.883	13
19.900	58
19.917	44
19.934	68
19.951	115
19.968	97
19.985	119
20.002	37
20.018	54
20.035	125
20.052	63
20.069	172
20.086	186
20.103	122
20.120	303
20.137	73
20.154	39
20.171	145
20.188	116
20.204	195
20.221	83
20.238	65
20.255	146
20.272	119
20.289	42
20.306	135
20.323	92
20.340	131
20.357	40
20.374	129
20.390	149
20.407	48
20.424	107
20.441	48
20.458	125
20.475	188
20.492	19
20.509	81
20.526	44
20.543	107
20.559	71
20.576	103
20.593	237
20.610	108
20.627	44
20.644	110
20.661	77
20.678	130
20.695	94
20.712	74
20.729	217
20.745	121
20.762	150
20.779	221
20.796	113
20.813	113
20.830	50
20.847	63
20.864	115
20.881	75
20.898	103
20.915	6
20.931	138
20.948	189
20.965	31
20.982	116
20.999	84

