0.034	236
0.051	528
0.068	430
0.084	316
0.101	513
0.118	453
0.135	515
0.152	405
0.169	301
0.186	438
0.203	355
0.220	331
0.237	600
0.254	469
0.270	373
0.287	346
0.304	694
0.321	356
0.338	462
0.355	487
0.372	621
0.389	430
0.406	803
0.423	405
0.439	464
0.456	470
0.473	508
0.490	414
0.507	495
0.524	346
0.541	593
0.558	450
0.575	429
0.592	387
0.609	390
0.626	681
0.642	621
0.659	571
0.676	605
0.693	515
0.710	401
0.727	567
0.744	549
0.761	399
0.778	514
0.795	322
0.811	462
0.828	491
0.845	358
0.862	468
0.879	550
0.896	686
0.913	552
0.930	509
0.947	769
0.964	522
0.981	697
0.997	396
1.014	479
1.031	561
1.048	626
1.065	681
1.082	696
1.099	509
1.116	472
1.133	661
1.150	914
1.166	933
1.183	459
1.200	546
1.217	320
1.234	283
1.251	586
1.268	471
1.285	623
1.302	464
1.319	650
1.336	426
1.352	421
1.369	449
1.386	627
1.403	683
1.420	730
1.437	577
1.454	524
1.471	709
1.488	699
1.505	407
1.522	581
1.538	414
1.555	730
1.572	506
1.589	532
1.606	603
1.623	558
1.640	693
1.657	493
1.674	395
1.691	665
1.707	480
1.724	598
1.741	895
1.758	545
1.775	736
1.792	595
1.809	497
1.826	543
1.843	655
1.860	935
1.877	776
1.893	795
1.910	488
1.927	932
1.944	1015
1.961	1068
1.978	980
1.995	1244
2.012	1080
2.029	881
2.046	1071
2.063	720
2.079	556
2.096	741
2.113	907
2.130	979
2.147	1283
2.164	1056
2.181	1149
2.198	801
2.215	992
2.232	1184
2.249	1300
2.265	1091
2.283	1022
2.299	1054
2.316	1007
2.333	971
2.350	1418
2.367	1270
2.384	1178
2.401	1059
2.418	1229
2.435	1529
2.452	1402
2.469	1142
2.485	1608
2.502	1308
2.519	1816
2.536	1043
2.553	1310
2.570	1538
2.587	1552
2.604	1724
2.621	1627
2.638	1526
2.654	1679
2.671	1465
2.688	1768
2.705	1254
2.722	1551
2.739	1946
2.756	1387
2.773	1848
2.790	2093
2.807	1579
2.824	2147
2.840	1976
2.857	1815
2.874	2138
2.891	2419
2.908	1956
2.925	1979
2.942	2207
2.959	2148
2.976	1884
2.993	2202
3.010	2169
3.026	2381
3.043	2124
3.060	2696
3.077	2126
3.094	2500
3.111	2212
3.128	2152
3.145	2951
3.162	2264
3.179	2562
3.195	2549
3.212	2922
3.229	2420
3.246	2363
3.263	2481
3.280	3125
3.297	2646
3.314	2474
3.331	2916
3.348	2802
3.365	2740
3.381	3597
3.398	3074
3.415	2546
3.432	3096
3.449	3947
3.466	3402
3.483	3140
3.500	3768
3.517	3427
3.534	3837
3.551	3203
3.567	4276
3.584	3271
3.601	3328
3.618	3314
3.635	3874
3.652	4484
3.669	4462
3.686	4043
3.703	4510
3.720	4842
3.736	5288
3.753	5206
3.770	4430
3.787	5683
3.804	6548
3.821	6113
3.838	8846
3.855	13658
3.872	23913
3.889	31051
3.906	38475
3.922	37902
3.939	27472
3.956	23396
3.973	14010
3.990	11528
4.007	8713
4.024	7638
4.041	6323
4.058	4608
4.075	4678
4.092	4750
4.108	4771
4.125	4620
4.142	5199
4.159	5370
4.176	6208
4.193	5313
4.210	4746
4.227	4053
4.244	3717
4.261	4638
4.277	3008
4.294	3720
4.311	3142
4.328	3425
4.345	2941
4.362	3749
4.379	4769
4.396	5620
4.413	5242
4.430	3724
4.447	3061
4.463	3732
4.480	3379
4.497	3059
4.514	3637
4.531	2918
4.548	3705
4.565	2926
4.582	4173
4.599	4173
4.616	4239
4.633	3779
4.649	3787
4.666	3239
4.683	3352
4.700	2727
4.717	3070
4.734	3230
4.751	2738
4.768	3022
4.785	3340
4.802	3966
4.818	4126
4.835	4512
4.852	3366
4.869	3368
4.886	2965
4.903	2804
4.920	2643
4.937	2744
4.954	2353
4.971	2769
4.988	2423
5.004	1899
5.021	2053
5.038	2404
5.055	2057
5.072	1911
5.089	2474
5.106	1984
5.123	2020
5.140	2200
5.157	2199
5.174	1939
5.190	1990
5.207	2077
5.224	1795
5.241	1685
5.258	1951
5.275	2285
5.292	1486
5.309	2130
5.326	1719
5.343	1687
5.359	2095
5.376	2169
5.393	2113
5.410	1612
5.427	1692
5.444	1789
5.461	1672
5.478	1700
5.495	2050
5.512	1652
5.529	2144
5.545	2395
5.562	2071
5.579	1685
5.596	1707
5.613	1660
5.630	1672
5.647	2398
5.664	2490
5.681	2344
5.698	2018
5.715	2579
5.731	2370
5.748	2966
5.765	2437
5.782	4863
5.799	10343
5.816	16203
5.833	18827
5.850	15673
5.867	13557
5.884	10261
5.900	7619
5.917	6722
5.934	4065
5.951	3592
5.968	2954
5.985	2748
6.002	2646
6.019	2209
6.036	2815
6.053	1528
6.070	2731
6.086	1994
6.103	1812
6.120	2593
6.137	2392
6.154	2730
6.171	2551
6.188	3135
6.205	2471
6.222	2119
6.239	2217
6.256	2104
6.272	2124
6.289	2379
6.306	1832
6.323	2028
6.340	1761
6.357	2060
6.374	1864
6.391	1464
6.408	1770
6.425	1779
6.441	1672
6.458	1946
6.475	1594
6.492	1842
6.509	1905
6.526	1773
6.543	1682
6.560	2378
6.577	2117
6.594	2009
6.611	1896
6.627	2120
6.644	1903
6.661	1840
6.678	2007
6.695	1762
6.712	2104
6.729	2055
6.746	4009
6.763	15065
6.780	53463
6.797	116556
6.813	210639
6.830	289381
6.847	250844
6.864	224877
6.881	174693
6.898	109687
6.915	62753
6.932	37926
6.949	26320
6.966	16367
6.982	13290
6.999	10967
7.016	9409
7.067	6112
7.118	8880
7.169	10852
7.219	4665
7.270	3424
7.321	3696
7.372	3022
7.423	2675
7.473	2505
7.524	2650
7.541	2316
7.558	2548
7.575	2543
7.592	2286
7.609	2540
7.626	2387
7.642	2664
7.659	2626
7.676	2555
7.693	2778
7.710	2834
7.727	2559
7.744	2884
7.761	3054
7.778	2572
7.795	2961
7.812	3415
7.828	5570
7.845	10285
7.862	40256
7.879	196935
7.896	952919
7.913	2921617
7.930	5794556
7.947	9053411
7.964	11312848
7.981	13621433
7.997	13945203
8.014	13698226
8.031	12599640
8.048	10530580
8.065	8295734
8.082	6090514
8.099	4360259
8.116	3037323
8.133	2108450
8.150	1514952
8.167	1185117
8.183	854275
8.200	717496
8.217	571419
8.234	494139
8.251	415251
8.268	354686
8.285	306617
8.302	264401
8.319	262780
8.336	213943
8.352	205203
8.369	168998
8.386	182508
8.403	155864
8.420	133690
8.437	127376
8.454	110530
8.471	105259
8.488	101284
8.505	91418
8.522	95471
8.538	83754
8.555	73931
8.572	77002
8.589	73163
8.606	61425
8.623	57770
8.640	52153
8.657	50696
8.674	54818
8.691	46289
8.708	50951
8.724	38458
8.741	39758
8.758	37726
8.775	32973
8.792	31888
8.809	34478
8.826	29659
8.843	32285
8.860	30459
8.877	27408
8.894	26593
8.910	25147
8.927	23920
8.944	22714
8.961	22896
8.978	22306
8.995	21009
9.012	20444
9.029	21092
9.046	19094
9.063	17643
9.079	17881
9.096	16946
9.113	16484
9.130	15460
9.147	13649
9.164	11885
9.181	12323
9.198	12659
9.215	11425
9.232	12053
9.249	10837
9.265	11108
9.282	10523
9.299	11630
9.316	11125
9.333	12241
9.350	10935
9.367	10423
9.384	9872
9.401	10167
9.418	9885
9.434	10988
9.451	9593
9.468	7615
9.485	8360
9.502	8594
9.519	8779
9.536	8579
9.553	8378
9.570	7755
9.587	6478
9.604	6908
9.620	7488
9.637	6726
9.654	8532
9.671	6872
9.688	6276
9.705	6640
9.722	5466
9.739	6762
9.756	5390
9.773	6627
9.790	6077
9.806	5376
9.823	5982
9.840	5819
9.857	6745
9.874	4716
9.891	5948
9.908	5877
9.925	5589
9.942	4655
9.959	5593
9.976	4844
9.992	5025
10.009	5074
10.026	4930
10.043	5025
10.060	5647
10.077	4795
10.094	4885
10.111	4767
10.128	4644
10.145	4903
10.161	4765
10.178	4268
10.195	3965
10.212	4333
10.229	4668
10.246	4913
10.263	4197
10.280	4156
10.297	4592
10.314	3865
10.331	4014
10.347	3894
10.364	4153
10.381	4497
10.398	4776
10.415	4918
10.432	4228
10.449	4290
10.466	4330
10.483	3329
10.500	3338
10.517	3651
10.533	3359
10.550	3363
10.567	3381
10.584	3329
10.601	3228
10.618	4147
10.635	4305
10.652	3561
10.669	2982
10.686	3466
10.702	4000
10.719	3806
10.736	4086
10.753	4125
10.770	4111
10.787	3951
10.804	3677
10.821	3424
10.838	3113
10.855	3313
10.872	3875
10.888	3403
10.905	3427
10.922	3389
10.939	3008
10.956	3150
10.973	3212
10.990	3352
11.007	3200
11.024	3033
11.041	3053
11.057	3602
11.074	3092
11.091	3332
11.108	3632
11.125	3279
11.142	2821
11.159	3646
11.176	3472
11.193	3151
11.210	3371
11.227	2751
11.243	3049
11.260	3534
11.277	3415
11.294	2873
11.311	3272
11.328	2630
11.345	3288
11.362	3225
11.379	2937
11.396	3373
11.413	3065
11.429	3102
11.446	3364
11.463	3423
11.480	3380
11.497	2490
11.514	3112
11.531	2666
11.548	2765
11.565	3015
11.582	2780
11.598	2331
11.615	2752
11.632	2638
11.649	3020
11.666	2630
11.683	2907
11.700	2508
11.717	2568
11.734	2796
11.751	2371
11.768	2387
11.784	2795
11.801	3291
11.818	2700
11.835	2799
11.852	2692
11.869	2883
11.886	2951
11.903	3141
11.920	2629
11.937	2899
11.954	2500
11.970	2963
11.987	2220
12.004	2836
12.021	2089
12.038	2869
12.055	2460
12.072	2111
12.089	1992
12.106	2460
12.123	3022
12.139	2407
12.156	2921
12.173	2843
12.190	2626
12.207	2574
12.224	2466
12.241	2607
12.258	2629
12.275	2901
12.292	2344
12.309	1935
12.326	2825
12.343	2715
12.359	2531
12.376	1941
12.393	2631
12.410	1827
12.427	2264
12.444	2760
12.461	2351
12.478	2632
12.495	2970
12.512	2675
12.529	2631
12.545	2490
12.562	2217
12.579	2074
12.596	2824
12.613	2381
12.630	2359
12.647	2490
12.664	2528
12.681	2055
12.698	2679
12.715	2505
12.731	2327
12.748	2627
12.765	2607
12.782	2522
12.799	1994
12.816	2583
12.833	2838
12.850	1903
12.867	2613
12.884	3457
12.900	2377
12.917	2818
12.934	2206
12.951	1777
12.968	2525
12.985	2582
13.002	2777
13.019	2508
13.036	2355
13.053	1904
13.070	2260
13.086	1859
13.103	2372
13.120	2024
13.137	1961
13.154	2340
13.171	2478
13.188	2269
13.205	2559
13.222	1959
13.239	2232
13.256	2394
13.272	2189
13.289	2393
13.306	2237
13.323	2453
13.340	2345
13.357	2344
13.374	2868
13.391	2337
13.408	2808
13.425	2835
13.441	2601
13.458	2199
13.475	2062
13.492	2101
13.509	2236
13.526	1985
13.543	2342
13.560	2204
13.577	2697
13.594	2122
13.611	2165
13.627	2786
13.644	2557
13.661	3110
13.678	2708
13.695	2996
13.712	2259
13.729	2721
13.746	2490
13.763	2861
13.780	3221
13.797	3002
13.813	3183
13.830	2646
13.847	3182
13.864	2608
13.881	2856
13.898	2437
13.915	2885
13.932	2968
13.949	2827
13.966	2834
13.982	3041
13.999	2525
14.016	2382
14.033	2889
14.050	2491
14.067	2961
14.084	3615
14.101	3169
14.118	2952
14.135	2946
14.152	3847
14.168	3201
14.185	3271
14.202	2918
14.219	3134
14.236	3043
14.253	3238
14.270	3631
14.287	3440
14.304	4009
14.321	4325
14.338	3997
14.354	3243
14.371	3204
14.388	3637
14.405	3743
14.422	4220
14.439	3956
14.456	4387
14.473	3326
14.490	4385
14.507	2801
14.523	3526
14.540	3207
14.557	2979
14.574	3097
14.591	2825
14.608	2962
14.625	2105
14.642	2174
14.659	2405
14.676	1920
14.693	2129
14.709	1907
14.726	2175
14.743	1774
14.760	2015
14.777	2266
14.794	1919
14.811	2142
14.828	1582
14.845	1561
14.862	1696
14.879	2122
14.895	1334
14.912	1429
14.929	1504
14.946	1386
14.963	1533
14.980	1378
14.997	1094
15.014	1771
15.031	1253
15.048	1539
15.064	1849
15.081	1730
15.098	1728
15.115	1494
15.132	1365
15.149	1149
15.166	1908
15.183	1279
15.200	1298
15.217	1663
15.234	1891
15.250	1864
15.267	1626
15.284	2098
15.301	1452
15.318	1695
15.335	1811
15.352	1414
15.369	1349
15.386	1211
15.403	1506
15.420	1710
15.436	1705
15.453	1849
15.470	1561
15.487	1732
15.504	1640
15.521	1299
15.538	1571
15.555	1867
15.572	1696
15.589	1896
15.605	1884
15.622	1413
15.639	1736
15.656	1514
15.673	1527
15.690	1598
15.707	1825
15.724	1838
15.741	2114
15.758	1545
15.775	1426
15.792	1710
15.809	1479
15.826	1611
15.842	1629
15.859	1334
15.876	1774
15.893	1637
15.910	1312
15.927	1136
15.944	1803
15.961	1765
15.978	1575
15.995	1262
16.012	1532
16.028	1644
16.045	1517
16.062	1992
16.079	2152
16.096	1453
16.113	1436
16.130	2094
16.147	1980
16.164	1522
16.181	1794
16.197	1527
16.214	1660
16.231	1378
16.248	1635
16.265	1460
16.282	1611
16.299	1249
16.316	1517
16.333	1609
16.350	1364
16.367	1518
16.383	1878
16.400	1561
16.417	1354
16.434	1462
16.451	1029
16.468	1510
16.485	1831
16.502	1570
16.519	1743
16.536	1741
16.553	931
16.569	1636
16.586	1638
16.603	1380
16.620	1213
16.637	1208
16.654	1550
16.671	1397
16.688	1414
16.705	1585
16.722	1640
16.738	1747
16.755	1219
16.772	1473
16.789	1598
16.806	1345
16.823	1899
16.840	1329
16.857	1438
16.874	1385
16.891	1828
16.908	1510
16.924	1385
16.941	1665
16.958	1139
16.975	1505
16.992	1448
17.009	1035
17.026	1599
17.043	1497
17.060	1465
17.077	1333
17.094	1725
17.110	1748
17.127	1601
17.144	1235
17.161	1579
17.178	1855
17.195	1428
17.212	1112
17.229	1074
17.246	1800
17.263	1542
17.279	1480
17.296	1847
17.313	1345
17.330	1740
17.347	1312
17.364	1272
17.381	1140
17.398	1229
17.415	1478
17.432	1446
17.449	1394
17.465	1196
17.482	1474
17.499	1395
17.516	1176
17.533	1317
17.550	1258
17.567	1084
17.584	1509
17.601	1318
17.618	1229
17.635	1270
17.651	1284
17.668	1303
17.685	1667
17.702	1228
17.719	1377
17.736	1514
17.753	1757
17.770	1183
17.787	1392
17.804	1575
17.820	1754
17.837	1566
17.854	1963
17.871	1828
17.888	1449
17.905	1715
17.922	1224
17.939	1371
17.956	1439
17.973	1408
17.990	1633
18.006	1288
18.023	1541
18.040	1498
18.057	1881
18.074	1702
18.091	1374
18.108	1818
18.125	1610
18.142	1306
18.159	977
18.176	1348
18.192	2029
18.209	1341
18.226	1383
18.243	1570
18.260	1965
18.277	1417
18.294	1450
18.311	1518
18.328	1234
18.345	1109
18.361	1281
18.378	1086
18.395	1111
18.412	748
18.429	960
18.446	812
18.463	1025
18.480	1163
18.497	1017
18.514	964
18.531	1507
18.547	1010
18.564	1048
18.581	1160
18.598	1128
18.615	1169
18.632	1042
18.649	866
18.666	851
18.683	828
18.700	400
18.717	730
18.733	911
18.750	961
18.767	867
18.784	1082
18.801	1104
18.818	751
18.835	871
18.852	781
18.869	653
18.886	1264
18.902	892
18.919	1134
18.936	1059
18.953	1125
18.970	1172
18.987	1233
19.004	837
19.021	1049
19.038	959
19.055	1345
19.072	921
19.089	1031
19.106	1031
19.122	1003
19.139	1112
19.156	583
19.173	1004
19.190	811
19.207	754
19.224	650
19.241	863
19.258	672
19.275	778
19.292	698
19.308	194
19.325	279
19.342	247
19.359	237
19.376	367
19.393	349
19.410	469
19.427	334
19.444	266
19.461	237
19.478	332
19.494	317
19.511	285
19.528	330
19.545	376
19.562	142
19.579	185
19.596	209
19.613	228
19.630	165
19.647	269
19.663	237
19.680	334
19.697	212
19.714	335
19.731	299
19.748	266
19.765	123
19.782	277
19.799	280
19.816	307
19.833	188
19.849	228
19.866	239
19.883	190
19.900	114
19.917	172
19.934	195
19.951	245
19.968	139
19.985	136
20.002	381
20.018	332
20.035	249
20.052	154
20.069	226
20.086	173
20.103	220
20.120	350
20.137	210
20.154	423
20.171	458
20.188	274
20.204	145
20.221	78
20.238	375
20.255	411
20.272	525
20.289	131
20.306	253
20.323	261
20.340	255
20.357	383
20.374	179
20.390	171
20.407	200
20.424	324
20.441	232
20.458	121
20.475	429
20.492	220
20.509	384
20.526	33
20.543	298
20.559	268
20.576	209
20.593	258
20.610	261
20.627	325
20.644	161
20.661	334
20.678	360
20.695	201
20.712	368
20.729	320
20.745	271
20.762	120
20.779	335
20.796	336
20.813	303
20.830	226
20.847	199
20.864	275
20.881	345
20.898	322
20.915	663
20.931	333
20.948	283
20.965	370
20.982	237
20.999	331

