0.051	3049
0.068	2687
0.084	2861
0.101	3067
0.118	3421
0.135	3221
0.152	3067
0.169	3203
0.186	2499
0.203	3634
0.220	3485
0.237	3880
0.254	3166
0.270	4217
0.287	5139
0.304	5025
0.321	4558
0.338	4700
0.355	4238
0.372	4929
0.389	5340
0.406	4260
0.423	4287
0.440	4374
0.456	3788
0.473	3203
0.490	3312
0.507	3465
0.524	2472
0.541	2643
0.558	2550
0.575	2565
0.592	2713
0.609	2462
0.625	2421
0.642	2558
0.659	2801
0.676	2677
0.693	2782
0.710	2546
0.727	2711
0.744	2439
0.761	3127
0.778	2203
0.795	3391
0.811	2877
0.828	2757
0.845	2841
0.862	2851
0.879	2922
0.896	3372
0.913	3522
0.930	2901
0.947	2925
0.964	3473
0.980	3364
0.997	3060
1.014	3132
1.031	3329
1.048	3249
1.065	3767
1.082	3120
1.099	2842
1.116	3381
1.133	3240
1.150	3481
1.167	2754
1.184	3173
1.201	2821
1.217	3063
1.234	3060
1.251	3231
1.268	3297
1.285	2858
1.302	2905
1.319	3268
1.336	3394
1.353	4154
1.370	3558
1.387	3234
1.403	2946
1.420	2703
1.437	3868
1.454	3120
1.471	2997
1.488	3012
1.505	3260
1.522	2671
1.539	1976
1.556	1676
1.572	2184
1.589	1612
1.606	2002
1.623	1618
1.640	1412
1.657	1433
1.674	1540
1.691	1680
1.708	2015
1.725	1647
1.742	1862
1.758	1910
1.775	1749
1.792	1777
1.809	2089
1.826	1863
1.843	1751
1.860	2065
1.877	1925
1.894	2327
1.911	2067
1.928	2489
1.944	2594
1.961	2921
1.978	2486
1.995	3014
2.012	2347
2.029	2155
2.046	2701
2.063	2172
2.080	2259
2.097	2452
2.113	2028
2.130	2396
2.147	1657
2.164	1983
2.181	2100
2.198	1817
2.215	2104
2.232	2010
2.249	2829
2.266	2589
2.283	1867
2.299	2038
2.316	2684
2.333	2729
2.350	2502
2.367	2689
2.384	2383
2.401	3026
2.418	2401
2.435	2705
2.452	2889
2.468	2911
2.485	3253
2.502	3586
2.519	2823
2.536	2933
2.553	3196
2.570	3714
2.587	3380
2.604	3064
2.621	2855
2.638	3832
2.654	3349
2.671	3842
2.688	3492
2.705	3582
2.722	3270
2.739	3272
2.756	3633
2.773	3380
2.790	3925
2.807	3982
2.824	4163
2.840	5865
2.857	6112
2.874	4747
2.891	4800
2.908	5882
2.925	5235
2.942	4598
2.959	5495
2.976	4963
2.993	6030
3.010	5769
3.026	5524
3.043	5376
3.060	4915
3.077	4577
3.094	5553
3.111	5533
3.128	4606
3.145	3821
3.162	3992
3.179	3654
3.196	3634
3.213	3113
3.230	4117
3.246	4304
3.263	5939
3.280	6124
3.297	8155
3.314	7279
3.331	7698
3.348	6775
3.365	6629
3.382	7181
3.399	7029
3.416	7596
3.432	6681
3.449	6930
3.466	7161
3.483	6621
3.500	8382
3.517	7594
3.534	7333
3.551	8301
3.568	8866
3.585	9952
3.602	9772
3.618	10440
3.635	11431
3.652	10349
3.669	13055
3.686	12528
3.703	14698
3.720	13306
3.737	15418
3.754	16222
3.771	18388
3.787	16265
3.804	15414
3.821	14094
3.838	12561
3.855	12287
3.872	12063
3.889	11219
3.906	10024
3.923	9686
3.940	9319
3.957	8854
3.973	8741
3.990	8011
4.007	7498
4.024	7586
4.041	8261
4.058	7287
4.075	7290
4.092	6765
4.109	6407
4.126	7400
4.142	6130
4.159	7488
4.176	7079
4.193	6540
4.210	7081
4.227	6203
4.244	6524
4.261	6335
4.278	5790
4.295	5923
4.312	6171
4.328	5633
4.345	6100
4.362	5848
4.379	6212
4.396	5716
4.413	7451
4.430	5880
4.447	6013
4.464	6169
4.481	6228
4.498	5495
4.514	5298
4.531	5470
4.548	5164
4.565	5141
4.582	4124
4.599	4889
4.616	5325
4.633	4394
4.650	5308
4.667	5546
4.683	5001
4.700	5219
4.717	5204
4.734	5204
4.751	5499
4.768	4657
4.785	3648
4.802	3785
4.819	3328
4.836	3835
4.853	3549
4.869	3585
4.886	3460
4.903	3876
4.920	3892
4.937	3669
4.954	3817
4.971	3237
4.988	3794
5.005	3577
5.022	3236
5.039	3266
5.055	3231
5.072	3010
5.089	3065
5.106	3342
5.123	3027
5.140	3275
5.157	2883
5.174	2819
5.191	2799
5.208	3142
5.225	2941
5.241	3263
5.258	3251
5.275	3382
5.292	3315
5.309	3481
5.326	3406
5.343	3314
5.360	3512
5.377	3381
5.394	3559
5.410	3440
5.427	3223
5.444	3134
5.461	3294
5.478	4805
5.495	4288
5.512	6202
5.529	7422
5.546	7843
5.563	7830
5.580	6726
5.596	6574
5.613	6107
5.630	5101
5.647	4896
5.664	4907
5.681	5147
5.698	4419
5.715	3602
5.732	3887
5.749	3211
5.766	2958
5.782	3153
5.799	3760
5.816	4521
5.833	3973
5.850	4227
5.867	4274
5.884	4730
5.901	4526
5.918	4923
5.935	4572
5.951	3825
5.968	4693
5.985	4828
6.002	4580
6.053	3795
6.104	3444
6.155	3026
6.205	3112
6.256	2495
6.307	2844
6.358	2850
6.408	3436
6.459	15093
6.510	18588
6.561	6835
6.612	4126
6.662	3181
6.713	2458
6.764	3221
6.815	2861
6.865	3160
6.916	2799
6.967	2667
7.018	2563
7.068	2651
7.119	2750
7.170	3258
7.221	2596
7.272	3052
7.322	2707
7.373	5035
7.424	272193
7.475	2283623
7.525	2515949
7.542	2065661
7.559	1619810
7.576	1160385
7.593	718427
7.610	446074
7.627	273021
7.644	202858
7.661	152532
7.678	117977
7.695	98141
7.711	80958
7.728	68596
7.745	60114
7.762	49782
7.779	46657
7.796	38917
7.813	33719
7.830	29487
7.847	27591
7.864	28417
7.881	21806
7.897	25166
7.914	20132
7.931	16376
7.948	17808
7.965	14742
7.982	14112
7.999	15268
8.016	14552
8.033	12505
8.050	12995
8.066	12000
8.083	11035
8.100	9707
8.117	10098
8.134	8768
8.151	9455
8.168	9299
8.185	7629
8.202	8631
8.219	6839
8.236	7798
8.252	7744
8.269	7979
8.286	7030
8.303	6854
8.320	7115
8.337	7440
8.354	6871
8.371	7406
8.388	6253
8.405	8442
8.422	7862
8.438	7898
8.455	8668
8.472	7113
8.489	7469
8.506	7006
8.523	6432
8.540	7739
8.557	6468
8.574	5373
8.591	6203
8.608	5124
8.624	5144
8.641	4634
8.658	4379
8.675	4188
8.692	4821
8.709	4844
8.726	4599
8.743	5072
8.760	4018
8.777	3998
8.793	4177
8.810	3969
8.827	3537
8.844	3779
8.861	4349
8.878	4252
8.895	3505
8.912	3998
8.929	4017
8.946	3635
8.963	3057
8.979	4305
8.996	4131
9.013	4746
9.030	4393
9.047	3577
9.064	4879
9.081	5269
9.098	4206
9.115	4289
9.132	4196
9.149	5308
9.165	4466
9.182	3845
9.199	4155
9.216	4797
9.233	3961
9.250	3247
9.267	3880
9.284	4246
9.301	3320
9.318	4084
9.335	3175
9.352	3862
9.369	3674
9.385	3972
9.402	3445
9.419	3259
9.436	2636
9.453	3112
9.470	3518
9.487	3215
9.504	2368
9.521	2906
9.538	3021
9.555	3015
9.571	2836
9.588	2847
9.605	2829
9.622	2107
9.639	2748
9.656	2886
9.673	3499
9.690	3585
9.707	3275
9.724	2970
9.740	2548
9.757	2603
9.774	3041
9.791	3077
9.808	2487
9.825	2332
9.842	2776
9.859	2882
9.876	2267
9.893	3065
9.910	2471
9.926	2938
9.943	2265
9.960	2032
9.977	2664
9.994	2738
10.011	2433
10.028	2764
10.045	2577
10.062	2842
10.079	2926
10.096	2610
10.112	2623
10.129	2514
10.146	2448
10.163	1753
10.180	2649
10.197	2673
10.214	1943
10.231	2924
10.248	3051
10.265	2663
10.281	2986
10.298	2606
10.315	2033
10.332	2659
10.349	2230
10.366	3096
10.383	2948
10.400	2510
10.417	2400
10.434	2601
10.451	2985
10.467	2938
10.484	2297
10.501	2738
10.518	2352
10.535	2325
10.552	2931
10.569	3384
10.586	2503
10.603	2941
10.620	2548
10.637	3632
10.653	3610
10.670	3338
10.687	3392
10.704	3202
10.721	3880
10.738	3743
10.755	3537
10.772	3998
10.789	4217
10.806	3635
10.822	3546
10.839	3580
10.856	3950
10.873	4182
10.890	3348
10.907	3782
10.924	3765
10.941	2719
10.958	2878
10.975	2649
10.992	2522
11.008	2795
11.025	2886
11.042	3362
11.059	2852
11.076	3074
11.093	2501
11.110	2738
11.127	2515
11.144	2959
11.161	2842
11.178	2630
11.194	2753
11.211	2106
11.229	2953
11.245	1972
11.262	2999
11.279	2978
11.296	2569
11.313	2865
11.330	2676
11.347	2832
11.364	2947
11.381	2500
11.398	2023
11.415	2649
11.431	2262
11.448	2162
11.465	2421
11.482	2482
11.499	2653
11.516	2583
11.533	2050
11.550	2717
11.567	2682
11.584	2595
11.600	1833
11.617	2517
11.634	2325
11.651	2824
11.668	2763
11.685	2900
11.702	2364
11.719	2676
11.736	2618
11.753	2910
11.770	3223
11.786	2568
11.803	2535
11.820	2792
11.837	2830
11.854	2485
11.871	2033
11.888	1679
11.905	2498
11.922	2559
11.939	2206
11.955	2423
11.972	2385
11.989	2353
12.006	3104
12.023	2159
12.040	2278
12.057	2399
12.074	2168
12.091	2150
12.108	2037
12.125	2958
12.141	2232
12.158	2518
12.175	2005
12.192	2657
12.209	2518
12.226	2350
12.243	2270
12.260	2105
12.277	2424
12.294	1919
12.311	2143
12.327	2482
12.344	2827
12.361	2413
12.378	2544
12.395	2889
12.412	2737
12.429	1971
12.446	3168
12.463	3008
12.480	2284
12.497	2777
12.513	2158
12.530	2376
12.547	2883
12.564	2405
12.581	2247
12.598	2991
12.615	2664
12.632	2588
12.649	3102
12.666	3249
12.682	2944
12.699	3069
12.716	2315
12.733	2050
12.750	3088
12.767	2616
12.784	2433
12.801	3019
12.818	1867
12.835	2149
12.852	2558
12.868	2130
12.885	2091
12.902	2342
12.919	2463
12.936	2768
12.953	2349
12.970	2640
12.987	2362
13.004	2102
13.021	2647
13.038	2312
13.054	2760
13.071	2961
13.088	2775
13.105	2269
13.122	2595
13.139	2495
13.156	2135
13.173	2518
13.190	2886
13.207	2891
13.224	2861
13.240	2285
13.257	2465
13.274	2847
13.291	2163
13.308	1699
13.325	2359
13.342	2908
13.359	2476
13.376	2122
13.393	2676
13.409	2384
13.426	3120
13.443	2542
13.460	2750
13.477	3064
13.494	3272
13.511	2522
13.528	2416
13.545	3035
13.562	2652
13.579	2756
13.595	2489
13.612	2384
13.629	2630
13.646	3149
13.663	3192
13.680	3241
13.697	2945
13.714	3689
13.731	2708
13.748	2830
13.765	2146
13.782	2173
13.799	2771
13.816	3130
13.832	2288
13.849	2417
13.866	2383
13.883	2340
13.900	1794
13.917	1590
13.934	1735
13.951	1994
13.968	2107
13.985	2577
14.001	1994
14.018	1879
14.035	1986
14.052	2061
14.069	2523
14.086	2410
14.103	2167
14.120	2432
14.137	2304
14.154	2016
14.171	2266
14.187	2171
14.204	2357
14.221	2357
14.238	2030
14.255	2351
14.272	2366
14.289	2487
14.306	2159
14.323	2203
14.340	2491
14.356	2605
14.373	2527
14.390	2080
14.407	2550
14.424	2330
14.441	2279
14.458	2242
14.475	2237
14.492	1909
14.509	2027
14.526	1569
14.542	1659
14.559	1745
14.576	1667
14.593	1731
14.610	2159
14.627	1426
14.644	1487
14.661	1822
14.678	1268
14.695	1315
14.712	1392
14.728	2027
14.745	1633
14.762	1447
14.779	1656
14.796	1124
14.813	1670
14.830	1404
14.847	1789
14.864	1329
14.881	1382
14.898	1554
14.914	1622
14.931	1562
14.948	1968
14.965	1540
14.982	1653
14.999	1463
15.016	1587
15.033	2000
15.050	1814
15.067	1152
15.083	1267
15.100	1601
15.117	1599
15.134	1840
15.151	1311
15.168	1552
15.185	1106
15.202	1664
15.219	1507
15.236	1384
15.253	844
15.269	1405
15.286	1480
15.303	1448
15.320	1441
15.337	1571
15.354	1439
15.371	1524
15.388	1445
15.405	1271
15.422	1624
15.439	1228
15.455	1175
15.472	1399
15.489	1129
15.506	1332
15.523	1291
15.540	1774
15.557	1278
15.574	1846
15.591	1008
15.608	1049
15.624	1780
15.641	1455
15.658	1361
15.675	1699
15.692	1590
15.709	1314
15.726	1553
15.743	1816
15.760	1544
15.777	1406
15.794	1094
15.810	1176
15.827	1259
15.844	1635
15.861	1318
15.878	1683
15.895	1832
15.912	1709
15.929	1603
15.946	1768
15.963	1419
15.980	810
15.996	1439
16.013	1234
16.030	1560
16.047	1277
16.064	1460
16.081	1230
16.098	1352
16.115	870
16.132	1331
16.149	1493
16.165	1099
16.183	1467
16.200	1385
16.217	1091
16.233	1010
16.250	1085
16.267	1315
16.284	1383
16.301	1608
16.318	1356
16.335	1109
16.352	1092
16.369	1143
16.386	1085
16.403	1579
16.419	1346
16.436	1190
16.453	1348
16.470	1255
16.487	1478
16.504	1355
16.521	1258
16.538	946
16.555	582
16.572	825
16.588	1317
16.605	848
16.622	991
16.639	906
16.656	839
16.673	1547
16.690	852
16.707	916
16.724	1565
16.741	1276
16.758	1245
16.774	1222
16.791	923
16.808	1171
16.825	1206
16.842	1468
16.859	1186
16.876	1126
16.893	1677
16.910	806
16.927	1013
16.944	1573
16.960	1432
16.977	1396
16.994	1336
17.011	1006
17.028	1082
17.045	1515
17.062	1438
17.079	1246
17.096	1267
17.113	1248
17.129	1543
17.146	1628
17.163	1419
17.180	1237
17.197	1263
17.214	1079
17.231	1449
17.248	1093
17.265	1389
17.282	1288
17.299	1196
17.315	1526
17.332	1387
17.349	1398
17.366	1262
17.383	1380
17.400	1055
17.417	1333
17.434	1727
17.451	861
17.468	1948
17.485	1350
17.501	1344
17.518	1302
17.535	1706
17.552	1161
17.569	1231
17.586	1091
17.603	1612
17.620	1491
17.637	1086
17.654	1139
17.670	1222
17.687	1683
17.704	1582
17.721	1279
17.738	1223
17.755	1527
17.772	1600
17.789	1376
17.806	1015
17.823	1086
17.840	1179
17.856	1134
17.873	1065
17.890	1057
17.907	1437
17.924	1232
17.941	1314
17.958	1438
17.975	1055
17.992	1147
18.009	1054
18.026	1174
18.042	1404
18.059	992
18.076	1369
18.093	1328
18.110	1078
18.127	1262
18.144	1272
18.161	1053
18.178	971
18.195	1233
18.211	652
18.228	987
18.245	1004
18.262	1153
18.279	1200
18.296	1094
18.313	939
18.330	1049
18.347	1163
18.364	1149
18.381	1329
18.398	1124
18.415	1073
18.432	1196
18.449	1141
18.466	903
18.482	1048
18.499	1030
18.516	967
18.533	821
18.550	899
18.567	1129
18.584	1199
18.601	868
18.618	1077
18.635	606
18.651	1634
18.668	968
18.685	1290
18.702	897
18.719	799
18.736	1092
18.753	1159
18.770	1301
18.787	1057
18.804	1560
18.821	1513
18.837	1150
18.854	1764
18.871	1295
18.888	1436
18.905	1705
18.922	1327
18.939	1687
18.956	1163
18.973	1265
18.990	1544
19.007	1469
19.023	1262
19.040	1037
19.057	973
19.074	1169
19.091	1444
19.108	1310
19.125	1145
19.142	1044
19.159	1372
19.176	1172
19.192	1006
19.209	779
19.226	925
19.243	1386
19.260	1293
19.277	950
19.294	764
19.311	667
19.328	1021
19.345	413
19.362	557
19.378	761
19.395	622
19.412	833
19.429	554
19.446	664
19.463	652
19.480	682
19.497	546
19.514	740
19.531	515
19.548	674
19.564	335
19.581	554
19.598	640
19.615	267
19.632	426
19.649	363
19.666	378
19.683	656
19.700	547
19.717	664
19.733	426
19.750	435
19.767	574
19.784	404
19.801	400
19.818	765
19.835	261
19.852	557
19.869	470
19.886	680
19.903	556
19.919	704
19.936	422
19.953	467
19.970	304
19.987	491
20.004	440
20.021	366
20.038	609
20.055	606
20.072	417
20.089	699
20.105	513
20.122	665
20.139	442
20.156	423
20.173	494
20.190	323
20.207	565
20.224	681
20.241	778
20.258	633
20.274	359
20.292	360
20.309	705
20.325	426
20.342	962
20.359	300
20.376	709
20.393	604
20.410	530
20.427	599
20.444	543
20.461	630
20.478	563
20.495	791
20.511	413
20.528	408
20.545	508
20.562	1063
20.579	470
20.596	816
20.613	676
20.630	514
20.647	376
20.664	497
20.680	556
20.697	750
20.714	361
20.731	682
20.748	717
20.765	732
20.782	410
20.799	604
20.816	612
20.833	1013
20.850	852
20.866	756
20.883	641
20.900	531
20.917	605
20.934	578
20.951	608
20.968	644
20.985	719
21.002	861
21.019	458
21.036	1043
21.052	700
21.069	535
21.086	1361
21.103	760
21.120	576
21.137	541
21.154	686
21.171	622
21.188	581
21.205	747
21.221	666
21.238	915
21.255	720
21.272	644
21.289	491
21.306	674
21.323	806
21.340	475
21.357	502
21.374	1061
21.391	869
21.407	701
21.424	392
21.441	510
21.458	864
21.475	815
21.492	546
21.509	1062
21.526	856
21.543	734
21.560	934
21.577	489
21.593	421
21.610	644
21.627	732
21.644	688
21.661	846
21.678	844
21.695	857
21.712	483
21.729	421
21.746	723
21.763	508
21.779	871
21.796	576
21.813	763
21.830	1052
21.847	520
21.864	548
21.881	749
21.898	847
21.915	552
21.932	659
21.948	1019
21.965	732
21.982	880
21.999	788
22.016	588
22.033	918
22.050	821
22.067	622
22.084	919
22.101	895
22.118	861
22.134	726
22.151	1178
22.168	685
22.185	734
22.202	639
22.219	919
22.236	780
22.253	1092
22.270	758
22.287	689
22.303	812
22.320	993
22.337	766
22.354	1073
22.371	1184
22.388	1116
22.405	1244
22.422	1169
22.439	1068
22.456	999
22.473	930
22.489	748
22.506	755
22.523	843
22.540	995
22.557	1038
22.574	1140
22.591	1408
22.608	808
22.625	1128
22.642	1099
22.659	1544
22.675	810
22.692	1032
22.709	924
22.726	1071
22.743	1384
22.760	1184
22.777	1203
22.794	1434
22.811	1717
22.828	1828
22.844	1281
22.861	1847
22.878	1790
22.895	2022
22.912	1787
22.929	1382
22.946	2171
22.963	1427
22.980	2777

